# File generated by CMD 3.4 (http://stev.oapd.inaf.it/cmd) on Mon Oct 26 18:29:14 CET 2020
# isochrones based on PARSEC release v1.2S +  COLIBRI S_37 + S_35 + PR16
# Basic references: Bressan et al. (2012), MNRAS, 427, 127 + Chen et al. (2014, 2015), MNRAS, 444, 2525 + MNRAS, 452, 1068 + Tang et al. (2014), MNRAS, 445, 4287 + Marigo et al. (2017), ApJ, 835, 77 + Pastorelli al. (2019), MNRAS, 485, 5666 + Pastorelli al. (2020), MNRAS, in press
# Thermal pulse cycles included 
# On RGB, assumed Reimers mass loss with efficiency eta=0.2
# LPV periods and growth rates added cf. Trabucchi et al. (2019)
# Photometric system: <i>UBVRIJHK</i> (cf. Maiz-Apellaniz 2006 + Bessell 1990)
# Using YBC version of bolometric corrections as in Chen et al. (2019)
# O-rich circumstellar dpmod60alox40 dust from Groenewegen (2006)
# C-rich circumstellar AMCSIC15 dust from Groenewegen (2006)
# IMF: Kroupa (2001, 2002) + Kroupa et al. (2013) canonical two-part-power law IMF corrected for unresolved binaries 
# Kind of output: isochrone tables
# Zini     MH   logAge Mini        int_IMF         Mass   logL    logTe  logg  label   McoreTP C_O  period0  period1  period2  period3  period4  pmode  Mloss  tau1m   X   Y   Xc  Xn  Xo  Cexcess  Z 	 mbolmag  Umag    Bmag    Vmag    Rmag    Imag    Jmag    Hmag    Kmag
0.0152 0.01508 7.00000 0.0900000036 1.0816895962    0.090 -2.068  3.3976  4.003    0  0.000  0.545     0.00     0.00     0.00     0.00     0.00 -1 -3.61e-15      0.00 7.092e-01 2.755e-01 2.746e-03 7.408e-04 6.719e-03 -1.000 1.527e-02 9.941 17.183 15.759 14.292 12.450 10.361 7.898 7.322 6.936
0.0152 0.01508 7.00000 0.1000000015 1.1711064577    0.100 -2.005  3.4044  4.013    0  0.000  0.545     0.00     0.00     0.00     0.00     0.00 -1 -3.92e-15      0.00 7.092e-01 2.755e-01 2.746e-03 7.408e-04 6.719e-03 -1.000 1.527e-02 9.783 17.041 15.608 14.138 12.295 10.204 7.741 7.164 6.778
0.0152 0.01508 7.00000 0.1002364680 1.1730786562    0.100 -2.004  3.4045  4.013    0  0.000  0.545     0.00     0.00     0.00     0.00     0.00 -1 -3.92e-15      0.00 7.092e-01 2.755e-01 2.746e-03 7.408e-04 6.719e-03 -1.000 1.527e-02 9.780 17.038 15.605 14.135 12.291 10.200 7.737 7.161 6.775
0.0152 0.01508 7.00000 0.1232357547 1.3402748108    0.123 -1.877  3.4178  4.029    0  0.000  0.545     0.00     0.00     0.00     0.00     0.00 -1 -4.66e-15      0.00 7.092e-01 2.755e-01 2.746e-03 7.408e-04 6.719e-03 -1.000 1.527e-02 9.462 16.690 15.252 13.778 11.944 9.862 7.421 6.844 6.460
0.0152 0.01508 7.00000 0.1365283877 1.4194198847    0.136 -1.812  3.4246  4.035    0  0.000  0.545     0.00     0.00     0.00     0.00     0.00 -1 -5.09e-15      0.00 7.092e-01 2.755e-01 2.746e-03 7.408e-04 6.719e-03 -1.000 1.527e-02 9.299 16.320 14.912 13.439 11.659 9.621 7.269 6.690 6.313
0.0152 0.01508 7.00000 0.1425663382 1.4521323442    0.142 -1.785  3.4276  4.039    0  0.000  0.545     0.00     0.00     0.00     0.00     0.00 -1 -5.25e-15      0.00 7.092e-01 2.755e-01 2.746e-03 7.408e-04 6.719e-03 -1.000 1.527e-02 9.233 16.147 14.755 13.283 11.530 9.514 7.209 6.629 6.255
0.0152 0.01508 7.00000 0.1464712024 1.4723440409    0.146 -1.768  3.4296  4.042    0  0.000  0.545     0.00     0.00     0.00     0.00     0.00 -1 -5.38e-15      0.00 7.092e-01 2.755e-01 2.746e-03 7.408e-04 6.719e-03 -1.000 1.527e-02 9.189 16.028 14.648 13.176 11.442 9.441 7.169 6.589 6.217
0.0152 0.01508 7.00000 0.1487216353 1.4836769104    0.149 -1.757  3.4308  4.042    0  0.000  0.545     0.00     0.00     0.00     0.00     0.00 -1 -5.48e-15      0.00 7.092e-01 2.755e-01 2.746e-03 7.408e-04 6.719e-03 -1.000 1.527e-02 9.162 15.959 14.585 13.115 11.392 9.399 7.144 6.563 6.193
0.0152 0.01508 7.00000 0.1678345948 1.5717272758    0.168 -1.679  3.4396  4.052    0  0.000  0.545     0.00     0.00     0.00     0.00     0.00 -1 -6.12e-15      0.00 7.092e-01 2.755e-01 2.746e-03 7.408e-04 6.719e-03 -1.000 1.527e-02 8.967 15.470 14.139 12.689 11.037 9.100 6.964 6.380 6.022
0.0152 0.01508 7.00000 0.1812116802 1.6259436607    0.181 -1.628  3.4456  4.059    0  0.000  0.545     0.00     0.00     0.00     0.00     0.00 -1 -6.58e-15      0.00 7.092e-01 2.755e-01 2.746e-03 7.408e-04 6.719e-03 -1.000 1.527e-02 8.840 15.149 13.844 12.407 10.803 8.906 6.847 6.261 5.911
0.0152 0.01508 7.00000 0.1957342625 1.6792036295    0.196 -1.578  3.4515  4.065    0  0.000  0.545     0.00     0.00     0.00     0.00     0.00 -1 -7.05e-15      0.00 7.092e-01 2.755e-01 2.746e-03 7.408e-04 6.719e-03 -1.000 1.527e-02 8.714 14.840 13.560 12.132 10.574 8.717 6.731 6.144 5.802
0.0152 0.01508 7.00000 0.2082454115 1.7211250067    0.208 -1.539  3.4558  4.071    0  0.000  0.545     0.00     0.00     0.00     0.00     0.00 -1 -7.42e-15      0.00 7.092e-01 2.755e-01 2.746e-03 7.408e-04 6.719e-03 -1.000 1.527e-02 8.618 14.620 13.352 11.927 10.403 8.577 6.643 6.054 5.718
0.0152 0.01508 7.00000 0.2266915590 1.7772996426    0.227 -1.484  3.4621  4.078    0  0.000  0.545     0.00     0.00     0.00     0.00     0.00 -1 -8.01e-15      0.00 7.092e-01 2.755e-01 2.746e-03 7.408e-04 6.719e-03 -1.000 1.527e-02 8.480 14.309 13.059 11.641 10.162 8.380 6.518 5.924 5.597
0.0152 0.01508 7.00000 0.2468124330 1.8321672678    0.247 -1.429  3.4685  4.085    0  0.000  0.545     0.00     0.00     0.00     0.00     0.00 -1 -8.64e-15      0.00 7.092e-01 2.755e-01 2.746e-03 7.408e-04 6.719e-03 -1.000 1.527e-02 8.342 14.013 12.779 11.369 9.932 8.191 6.391 5.793 5.476
0.0152 0.01508 7.00000 0.2666983604 1.8809599876    0.267 -1.380  3.4743  4.093    0  0.000  0.545     0.00     0.00     0.00     0.00     0.00 -1 -9.24e-15      0.00 7.092e-01 2.755e-01 2.746e-03 7.408e-04 6.719e-03 -1.000 1.527e-02 8.219 13.756 12.532 11.129 9.727 8.023 6.279 5.676 5.368
0.0152 0.01508 7.00000 0.2957236171 1.9442697763    0.296 -1.313  3.4823  4.102    0  0.000  0.545     0.00     0.00     0.00     0.00     0.00 -1 -1.01e-14      0.00 7.092e-01 2.755e-01 2.746e-03 7.408e-04 6.719e-03 -1.000 1.527e-02 8.051 13.415 12.200 10.802 9.447 7.798 6.128 5.517 5.221
0.0152 0.01508 7.00000 0.3000000119 1.9529139996    0.300 -1.303  3.4834  4.104    0  0.000  0.545     0.00     0.00     0.00     0.00     0.00 -1 -1.02e-14      0.00 7.092e-01 2.755e-01 2.746e-03 7.408e-04 6.719e-03 -1.000 1.527e-02 8.028 13.371 12.155 10.756 9.407 7.768 6.108 5.496 5.200
0.0152 0.01508 7.00000 0.3167742789 1.9853359461    0.317 -1.269  3.4876  4.110    0  0.000  0.545     0.00     0.00     0.00     0.00     0.00 -1 -1.07e-14      0.00 7.092e-01 2.755e-01 2.746e-03 7.408e-04 6.719e-03 -1.000 1.527e-02 7.943 13.206 11.990 10.588 9.261 7.656 6.033 5.416 5.126
0.0152 0.01508 7.00000 0.3500000238 2.0434176922    0.350 -1.205  3.4955  4.121    0  0.000  0.545     0.00     0.00     0.00     0.00     0.00 -1 -1.16e-14      0.00 7.092e-01 2.755e-01 2.746e-03 7.408e-04 6.719e-03 -1.000 1.527e-02 7.784 12.901 11.686 10.291 9.006 7.450 5.891 5.263 4.985
0.0152 0.01508 7.00000 0.3562019169 2.0534667969    0.356 -1.195  3.4968  4.124    0  0.000  0.545     0.00     0.00     0.00     0.00     0.00 -1 -1.18e-14      0.00 7.092e-01 2.755e-01 2.746e-03 7.408e-04 6.719e-03 -1.000 1.527e-02 7.758 12.853 11.637 10.244 8.966 7.417 5.868 5.239 4.962
0.0152 0.01508 7.00000 0.4000000358 2.1185026169    0.400 -1.122  3.5055  4.136    0  0.000  0.545     0.00     0.00     0.00     0.00     0.00 -1  -1.3e-14      0.00 7.092e-01 2.755e-01 2.746e-03 7.408e-04 6.719e-03 -1.000 1.527e-02 7.576 12.523 11.305 9.925 8.691 7.190 5.706 5.063 4.798
0.0152 0.01508 7.00000 0.4148771763 2.1385183334    0.415 -1.100  3.5084  4.141    0  0.000  0.545     0.00     0.00     0.00     0.00     0.00 -1 -1.33e-14      0.00 7.092e-01 2.755e-01 2.746e-03 7.408e-04 6.719e-03 -1.000 1.527e-02 7.519 12.419 11.198 9.823 8.603 7.119 5.656 5.009 4.747
0.0152 0.01508 7.00000 0.4500000477 2.1822810173    0.450 -1.047  3.5152  4.151    0  0.000  0.545     0.00     0.00     0.00     0.00     0.00 -1 -1.43e-14      0.00 7.092e-01 2.755e-01 2.746e-03 7.408e-04 6.719e-03 -1.000 1.527e-02 7.387 12.189 10.960 9.591 8.402 6.956 5.541 4.884 4.630
0.0152 0.01508 7.00000 0.4722760916 2.2077989578    0.472 -1.018  3.5193  4.159    0  0.000  0.545     0.00     0.00     0.00     0.00     0.00 -1 -1.48e-14      0.00 7.092e-01 2.755e-01 2.746e-03 7.408e-04 6.719e-03 -1.000 1.527e-02 7.315 12.059 10.823 9.457 8.287 6.866 5.479 4.816 4.566
0.0152 0.01508 7.00000 0.5000000000 2.2374541759    0.500 -0.981  3.5243  4.167    0  0.000  0.545     0.00     0.00     0.00     0.00     0.00 -1 -1.55e-14      0.00 7.092e-01 2.755e-01 2.746e-03 7.408e-04 6.719e-03 -1.000 1.527e-02 7.223 11.902 10.655 9.290 8.142 6.753 5.400 4.729 4.485
0.0152 0.01508 7.00000 0.5152277946 2.2526199818    0.515 -0.962  3.5274  4.174    0  0.000  0.545     0.00     0.00     0.00     0.00     0.00 -1 -1.58e-14      0.00 7.092e-01 2.755e-01 2.746e-03 7.408e-04 6.719e-03 -1.000 1.527e-02 7.175 11.815 10.561 9.197 8.062 6.693 5.360 4.685 4.444
0.0152 0.01508 7.00000 0.5455189347 2.2799131870    0.545 -0.926  3.5324  4.182    0  0.000  0.545     0.00     0.00     0.00     0.00     0.00 -1 -1.66e-14      0.00 7.092e-01 2.755e-01 2.746e-03 7.408e-04 6.719e-03 -1.000 1.527e-02 7.084 11.664 10.397 9.035 7.922 6.583 5.283 4.601 4.364
0.0152 0.01508 7.00000 0.5500000119 2.2836582661    0.550 -0.921  3.5330  4.183    0  0.000  0.545     0.00     0.00     0.00     0.00     0.00 -1 -1.67e-14      0.00 7.092e-01 2.755e-01 2.746e-03 7.408e-04 6.719e-03 -1.000 1.527e-02 7.071 11.644 10.375 9.014 7.903 6.568 5.272 4.589 4.353
0.0152 0.01508 7.00000 0.5591805577 2.2911159992    0.559 -0.910  3.5349  4.187    0  0.000  0.545     0.00     0.00     0.00     0.00     0.00 -1 -1.69e-14      0.00 7.092e-01 2.755e-01 2.746e-03 7.408e-04 6.719e-03 -1.000 1.527e-02 7.044 11.594 10.320 8.960 7.857 6.534 5.249 4.564 4.330
0.0152 0.01508 7.00000 0.5896968842 2.3139977455    0.589 -0.875  3.5403  4.196    0  0.000  0.545     0.00     0.00     0.00     0.00     0.00 -1 -1.76e-14      0.00 7.092e-01 2.755e-01 2.746e-03 7.408e-04 6.719e-03 -1.000 1.527e-02 6.957 11.444 10.156 8.799 7.717 6.428 5.176 4.484 4.255
0.0152 0.01508 7.00000 0.6000000238 2.3211214542    0.600 -0.863  3.5418  4.198    0  0.000  0.545     0.00     0.00     0.00     0.00     0.00 -1 -1.79e-14      0.00 7.092e-01 2.755e-01 2.746e-03 7.408e-04 6.719e-03 -1.000 1.527e-02 6.929 11.400 10.108 8.751 7.674 6.395 5.152 4.458 4.231
0.0152 0.01508 7.00000 0.6240718961 2.3367156982    0.624 -0.834  3.5470  4.207    0  0.000  0.545     0.00     0.00     0.00     0.00     0.00 -1 -1.86e-14      0.00 7.092e-01 2.755e-01 2.746e-03 7.408e-04 6.719e-03 -1.000 1.527e-02 6.855 11.271 9.963 8.606 7.549 6.306 5.093 4.393 4.171
0.0152 0.01508 7.00000 0.6499999762 2.3520355225    0.650 -0.805  3.5517  4.215    0  0.000  0.545     0.00     0.00     0.00     0.00     0.00 -1 -1.93e-14      0.00 7.092e-01 2.755e-01 2.746e-03 7.408e-04 6.719e-03 -1.000 1.527e-02 6.783 11.151 9.827 8.471 7.430 6.220 5.033 4.328 4.111
0.0152 0.01508 7.00000 0.6701167226 2.3629870415    0.670 -0.780  3.5563  4.221    0  0.000  0.545     0.00     0.00     0.00     0.00     0.00 -1    -2e-14      0.00 7.092e-01 2.755e-01 2.746e-03 7.408e-04 6.719e-03 -1.000 1.527e-02 6.720 11.043 9.703 8.346 7.321 6.144 4.983 4.272 4.061
0.0152 0.01508 7.00000 0.7000000477 2.3779268265    0.700 -0.743  3.5627  4.229    0  0.000  0.545     0.00     0.00     0.00     0.00     0.00 -1 -2.11e-14      0.00 7.092e-01 2.755e-01 2.746e-03 7.408e-04 6.719e-03 -1.000 1.527e-02 6.627 10.890 9.527 8.168 7.164 6.035 4.908 4.190 3.987
0.0152 0.01508 7.00000 0.7500000000 2.3998889923    0.750 -0.584  3.6178  4.320    0  0.000  0.538     0.00     0.00     0.00     0.00     0.00 -1 -2.65e-14      0.00 7.092e-01 2.755e-01 2.710e-03 7.399e-04 6.720e-03 -1.000 1.527e-02 6.229 9.912 8.432 7.152 6.289 5.547 4.651 3.932 3.803
0.0152 0.01508 7.00000 0.7728378773 2.4088401794    0.773 -0.562  3.6205  4.322    0  0.000  0.538     0.00     0.00     0.00     0.00     0.00 -1 -2.73e-14      0.00 7.092e-01 2.755e-01 2.710e-03 7.399e-04 6.720e-03 -1.000 1.527e-02 6.176 9.825 8.345 7.073 6.217 5.491 4.603 3.888 3.763
0.0152 0.01508 7.00000 0.8000000119 2.4187245369    0.800 -0.533  3.6236  4.321    0  0.000  0.538     0.00     0.00     0.00     0.00     0.00 -1 -2.88e-14      0.00 7.092e-01 2.755e-01 2.710e-03 7.399e-04 6.720e-03 -1.000 1.527e-02 6.103 9.706 8.231 6.970 6.123 5.415 4.539 3.828 3.706
0.0152 0.01508 7.00000 0.8310703039 2.4291250706    0.831 -0.502  3.6278  4.323    0  0.000  0.538     0.00     0.00     0.00     0.00     0.00 -1 -3.03e-14      0.00 7.092e-01 2.755e-01 2.710e-03 7.399e-04 6.720e-03 -1.000 1.527e-02 6.025 9.567 8.098 6.853 6.017 5.334 4.471 3.766 3.650
0.0152 0.01508 7.00000 0.8500000238 2.4350347519    0.850 -0.481  3.6303  4.321    0  0.000  0.538     0.00     0.00     0.00     0.00     0.00 -1 -3.15e-14      0.00 7.092e-01 2.755e-01 2.710e-03 7.399e-04 6.720e-03 -1.000 1.527e-02 5.971 9.474 8.010 6.774 5.946 5.277 4.423 3.722 3.609
0.0152 0.01508 7.00000 0.8948817849 2.4479045868    0.894 -0.428  3.6373  4.318    0  0.000  0.538     0.00     0.00     0.00     0.00     0.00 -1 -3.48e-14      0.00 7.092e-01 2.755e-01 2.710e-03 7.399e-04 6.720e-03 -1.000 1.527e-02 5.840 9.213 7.784 6.578 5.771 5.142 4.311 3.620 3.516
0.0152 0.01508 7.00000 0.9000000358 2.4492788315    0.899 -0.422  3.6381  4.318    0  0.000  0.538     0.00     0.00     0.00     0.00     0.00 -1 -3.52e-14      0.00 7.092e-01 2.755e-01 2.710e-03 7.399e-04 6.720e-03 -1.000 1.527e-02 5.824 9.183 7.757 6.555 5.751 5.126 4.297 3.608 3.505
0.0152 0.01508 7.00000 0.9324642420 2.4575924873    0.932 -0.384  3.6432  4.317    0  0.000  0.538     0.00     0.00     0.00     0.00     0.00 -1 -3.77e-14      0.00 7.092e-01 2.755e-01 2.710e-03 7.399e-04 6.720e-03 -1.000 1.527e-02 5.731 8.981 7.594 6.415 5.628 5.029 4.219 3.541 3.443
0.0152 0.01508 7.00000 0.9500000477 2.4618122578    0.950 -0.362  3.6463  4.315    0  0.000  0.538     0.00     0.00     0.00     0.00     0.00 -1 -3.94e-14      0.00 7.092e-01 2.755e-01 2.710e-03 7.399e-04 6.720e-03 -1.000 1.527e-02 5.675 8.857 7.497 6.332 5.555 4.970 4.171 3.502 3.406
0.0152 0.01508 7.00000 0.9938926101 2.4716281891    0.994 -0.309  3.6540  4.312    0  0.000  0.538     0.00     0.00     0.00     0.00     0.00 -1 -4.37e-14      0.00 7.092e-01 2.755e-01 2.710e-03 7.399e-04 6.720e-03 -1.000 1.527e-02 5.543 8.541 7.261 6.132 5.383 4.832 4.061 3.416 3.325
0.0152 0.01508 7.00000 1.0000000000 2.4729156494    1.000 -0.301  3.6551  4.312    0  0.000  0.538     0.00     0.00     0.00     0.00     0.00 -1 -4.44e-14      0.00 7.092e-01 2.755e-01 2.710e-03 7.399e-04 6.720e-03 -1.000 1.527e-02 5.523 8.492 7.225 6.102 5.357 4.810 4.044 3.403 3.313
0.0152 0.01508 7.00000 1.0499999523 2.4828116894    1.050 -0.240  3.6646  4.309    0  0.000  0.538     0.00     0.00     0.00     0.00     0.00 -1 -4.62e-14      0.00 7.092e-01 2.755e-01 2.710e-03 7.399e-04 6.720e-03 -1.000 1.527e-02 5.370 8.108 6.947 5.871 5.165 4.649 3.919 3.310 3.225
0.0152 0.01508 7.00000 1.0668245554 2.4859025478    1.066 -0.218  3.6681  4.308    0  0.000  0.538     0.00     0.00     0.00     0.00     0.00 -1 -4.69e-14      0.00 7.092e-01 2.755e-01 2.710e-03 7.399e-04 6.720e-03 -1.000 1.527e-02 5.314 7.971 6.849 5.789 5.097 4.592 3.873 3.276 3.193
0.0152 0.01508 7.00000 1.0993057489 2.4915635586    1.099 -0.167  3.6758  4.301    0  0.000  0.538     0.00     0.00     0.00     0.00     0.00 -1 -4.96e-14      0.00 7.092e-01 2.755e-01 2.710e-03 7.399e-04 6.720e-03 -1.000 1.527e-02 5.188 7.662 6.628 5.607 4.946 4.461 3.771 3.200 3.121
0.0152 0.01508 7.00000 1.1000000238 2.4916803837    1.099 -0.166  3.6760  4.301    0  0.000  0.538     0.00     0.00     0.00     0.00     0.00 -1 -4.96e-14      0.00 7.092e-01 2.755e-01 2.710e-03 7.399e-04 6.720e-03 -1.000 1.527e-02 5.185 7.656 6.624 5.603 4.942 4.458 3.769 3.198 3.119
0.0152 0.01508 7.00000 1.1499999762 2.4996678829    1.149 -0.092  3.6876  4.293    0  0.000  0.538     0.00     0.00     0.00     0.00     0.00 -1 -5.33e-14      0.00 7.092e-01 2.755e-01 2.710e-03 7.399e-04 6.720e-03 -1.000 1.527e-02 4.999 7.219 6.309 5.341 4.725 4.268 3.620 3.086 3.013
0.0152 0.01508 7.00000 1.2000000477 2.5068950653    1.200 -0.012  3.7000  4.280    0  0.000  0.538     0.00     0.00     0.00     0.00     0.00 -1 -5.77e-14      0.00 7.092e-01 2.755e-01 2.710e-03 7.399e-04 6.720e-03 -1.000 1.527e-02 4.799 6.763 5.984 5.069 4.498 4.067 3.461 2.964 2.897
0.0152 0.01508 7.00000 1.2176482677 2.5092835426    1.217  0.017  3.7043  4.275    0  0.000  0.538     0.00     0.00     0.00     0.00     0.00 -1 -5.92e-14      0.00 7.092e-01 2.755e-01 2.710e-03 7.399e-04 6.720e-03 -1.000 1.527e-02 4.727 6.609 5.874 4.977 4.420 3.997 3.404 2.921 2.855
0.0152 0.01508 7.00000 1.2500000000 2.5134611130    1.250  0.074  3.7128  4.264    0  0.000  0.538     0.00     0.00     0.00     0.00     0.00 -1 -6.31e-14      0.00 7.092e-01 2.755e-01 2.710e-03 7.399e-04 6.720e-03 -1.000 1.527e-02 4.584 6.306 5.657 4.793 4.263 3.856 3.292 2.833 2.771
0.0152 0.01508 7.00000 1.2781765461 2.5169022083    1.278  0.126  3.7202  4.251    0  0.000  0.538     0.00     0.00     0.00     0.00     0.00 -1 -6.67e-14      0.00 7.092e-01 2.755e-01 2.710e-03 7.399e-04 6.720e-03 -1.000 1.527e-02 4.454 6.041 5.465 4.631 4.124 3.729 3.189 2.751 2.692
0.0152 0.01508 7.00000 1.2999999523 2.5194499493    1.300  0.169  3.7262  4.240    0  0.000  0.538     0.00     0.00     0.00     0.00     0.00 -1 -7.02e-14      0.00 7.092e-01 2.755e-01 2.710e-03 7.399e-04 6.720e-03 -1.000 1.527e-02 4.348 5.834 5.314 4.503 4.012 3.627 3.105 2.683 2.627
0.0152 0.01508 7.00000 1.3310087919 2.5229053497    1.331  0.233  3.7347  4.220    0  0.000  0.538     0.00     0.00     0.00     0.00     0.00 -1 -7.57e-14      0.00 7.092e-01 2.755e-01 2.710e-03 7.399e-04 6.720e-03 -1.000 1.527e-02 4.187 5.531 5.089 4.312 3.844 3.474 2.979 2.579 2.526
0.0152 0.01508 7.00000 1.3500001431 2.5249314308    1.350  0.275  3.7402  4.206    0  0.000  0.538     0.00     0.00     0.00     0.00     0.00 -1 -8.01e-14      0.00 7.092e-01 2.755e-01 2.710e-03 7.399e-04 6.720e-03 -1.000 1.527e-02 4.082 5.338 4.943 4.188 3.735 3.374 2.896 2.510 2.459
0.0152 0.01508 7.00000 1.3763793707 2.5276396275    1.377  0.338  3.7479  4.182    0  0.000  0.538     0.00     0.00     0.00     0.00     0.00 -1 -8.68e-14      0.00 7.092e-01 2.755e-01 2.710e-03 7.399e-04 6.720e-03 -1.000 1.527e-02 3.924 5.056 4.734 4.009 3.577 3.227 2.771 2.403 2.356
0.0152 0.01508 7.00000 1.4000000954 2.5299651623    1.400  0.400  3.7550  4.157    0  0.000  0.538     0.00     0.00     0.00     0.00     0.00 -1 -9.48e-14      0.00 7.092e-01 2.755e-01 2.709e-03 7.399e-04 6.720e-03 -1.000 1.527e-02 3.771 4.793 4.533 3.837 3.425 3.086 2.650 2.299 2.255
0.0152 0.01508 7.00000 1.4118107557 2.5310945511    1.412  0.432  3.7587  4.143    0  0.000  0.538     0.00     0.00     0.00     0.00     0.00 -1 -9.89e-14      0.00 7.092e-01 2.755e-01 2.709e-03 7.399e-04 6.720e-03 -1.000 1.527e-02 3.691 4.659 4.428 3.748 3.345 3.012 2.586 2.244 2.201
0.0152 0.01508 7.00000 1.4361298084 2.5333526134    1.436  0.503  3.7665  4.110    0  0.000  0.538     0.00     0.00     0.00     0.00     0.00 -1  -1.1e-13      0.00 7.092e-01 2.755e-01 2.709e-03 7.399e-04 6.720e-03 -1.000 1.527e-02 3.511 4.375 4.199 3.553 3.169 2.849 2.444 2.120 2.080
0.0152 0.01508 7.00000 1.4500000477 2.5346016884    1.450  0.547  3.7712  4.090    0  0.000  0.538     0.00     0.00     0.00     0.00     0.00 -1 -1.18e-13      0.00 7.092e-01 2.755e-01 2.709e-03 7.399e-04 6.720e-03 -1.000 1.527e-02 3.403 4.207 4.061 3.435 3.063 2.751 2.359 2.045 2.008
0.0152 0.01508 7.00000 1.4550570250 2.5350503922    1.455  0.563  3.7729  4.082    0  0.000  0.538     0.00     0.00     0.00     0.00     0.00 -1  -1.2e-13      0.00 7.092e-01 2.755e-01 2.709e-03 7.399e-04 6.720e-03 -1.000 1.527e-02 3.363 4.146 4.010 3.392 3.025 2.715 2.327 2.017 1.981
0.0152 0.01508 7.00000 1.4748200178 2.5367693901    1.475  0.626  3.7800  4.053    0  0.000  0.538     0.00     0.00     0.00     0.00     0.00 -1 -1.31e-13      0.00 7.092e-01 2.755e-01 2.709e-03 7.399e-04 6.720e-03 -1.000 1.527e-02 3.205 3.904 3.808 3.222 2.871 2.573 2.204 1.910 1.876
0.0152 0.01508 7.00000 1.4944761992 2.5384275913    1.495  0.689  3.7873  4.025    0  0.000  0.538     0.00     0.00     0.00     0.00     0.00 -1 -1.42e-13      0.00 7.092e-01 2.755e-01 2.709e-03 7.399e-04 6.720e-03 -1.000 1.527e-02 3.047 3.674 3.610 3.055 2.721 2.435 2.084 1.805 1.774
0.0152 0.01508 7.00000 1.5000000000 2.5388846397    1.500  0.706  3.7895  4.018    0  0.000  0.538     0.00     0.00     0.00     0.00     0.00 -1 -1.45e-13      0.00 7.092e-01 2.755e-01 2.709e-03 7.399e-04 6.720e-03 -1.000 1.527e-02 3.004 3.610 3.554 3.009 2.680 2.398 2.051 1.777 1.747
0.0152 0.01508 7.00000 1.5137863159 2.5400083065    1.514  0.750  3.7951  4.001    0  0.000  0.538     0.00     0.00     0.00     0.00     0.00 -1  -1.5e-13      0.00 7.092e-01 2.755e-01 2.709e-03 7.398e-04 6.720e-03 -1.000 1.527e-02 2.896 3.453 3.416 2.895 2.578 2.304 1.972 1.709 1.681
0.0152 0.01508 7.00000 1.5348736048 2.5416824818    1.535  0.814  3.8043  3.980    0  0.000  0.538     0.00     0.00     0.00     0.00     0.00 -1 -1.57e-13      0.00 7.092e-01 2.755e-01 2.709e-03 7.398e-04 6.720e-03 -1.000 1.527e-02 2.736 3.220 3.207 2.725 2.429 2.171 1.860 1.617 1.592
0.0152 0.01508 7.00000 1.5500001907 2.5428512096    1.550  0.857  3.8117  3.970    0  0.000  0.538     0.00     0.00     0.00     0.00     0.00 -1 -1.61e-13      0.00 7.092e-01 2.755e-01 2.709e-03 7.398e-04 6.720e-03 -1.000 1.527e-02 2.627 3.059 3.060 2.610 2.329 2.084 1.790 1.561 1.539
0.0152 0.01508 7.00000 1.5521374941 2.5430142879    1.552  0.863  3.8128  3.969    0  0.000  0.538     0.00     0.00     0.00     0.00     0.00 -1  -1.6e-13      0.00 7.092e-01 2.755e-01 2.709e-03 7.398e-04 6.720e-03 -1.000 1.527e-02 2.612 3.037 3.040 2.593 2.316 2.072 1.781 1.554 1.532
0.0152 0.01508 7.00000 1.5697859526 2.5443408489    1.570  0.910  3.8228  3.967    0  0.000  0.538     0.00     0.00     0.00     0.00     0.00 -1 -1.54e-13      0.00 7.092e-01 2.755e-01 2.709e-03 7.398e-04 6.720e-03 -1.000 1.527e-02 2.495 2.871 2.879 2.468 2.210 1.983 1.716 1.510 1.490
0.0152 0.01508 7.00000 1.5853589773 2.5454833508    1.585  0.946  3.8331  3.977    0  0.000  0.538     0.00     0.00     0.00     0.00     0.00 -1 -1.45e-13      0.00 7.092e-01 2.755e-01 2.709e-03 7.398e-04 6.720e-03 -1.000 1.527e-02 2.406 2.737 2.747 2.371 2.133 1.924 1.680 1.494 1.476
0.0152 0.01508 7.00000 1.6000000238 2.5465342999    1.600  0.973  3.8440  3.996    0  0.000  0.538     0.00     0.00     0.00     0.00     0.00 -1 -1.34e-13      0.00 7.092e-01 2.755e-01 2.709e-03 7.398e-04 6.720e-03 -1.000 1.527e-02 2.336 2.632 2.638 2.295 2.078 1.888 1.669 1.504 1.487
0.0152 0.01508 7.00000 1.6081031561 2.5471062660    1.608  0.987  3.8507  4.012    0  0.000  0.538     0.00     0.00     0.00     0.00     0.00 -1 -1.21e-13      0.00 7.092e-01 2.755e-01 2.709e-03 7.398e-04 6.720e-03 -1.000 1.527e-02 2.303 2.578 2.580 2.258 2.054 1.875 1.671 1.519 1.504
0.0152 0.01508 7.00000 1.6123716831 2.5474050045    1.612  0.993  3.8543  4.021    0  0.000  0.538     0.00     0.00     0.00     0.00     0.00 -1 -1.14e-13      0.00 7.092e-01 2.755e-01 2.709e-03 7.398e-04 6.720e-03 -1.000 1.527e-02 2.287 2.553 2.553 2.241 2.044 1.872 1.675 1.530 1.515
0.0152 0.01508 7.00000 1.6263760328 2.5483725071    1.626  0.996  3.8628  4.056    0  0.000  0.538     0.00     0.00     0.00     0.00     0.00 -1  -9.1e-14      0.00 7.092e-01 2.755e-01 2.709e-03 7.398e-04 6.719e-03 -1.000 1.527e-02 2.280 2.524 2.520 2.231 2.050 1.893 1.715 1.585 1.571
0.0152 0.01508 7.00000 1.6488667727 2.5498864651    1.648  0.981  3.8720  4.113    0  0.000  0.538     0.00     0.00     0.00     0.00     0.00 -1 -6.03e-14      0.00 7.092e-01 2.755e-01 2.709e-03 7.398e-04 6.719e-03 -1.000 1.527e-02 2.316 2.541 2.534 2.267 2.104 1.962 1.803 1.689 1.676
0.0152 0.01508 7.00000 1.6500000954 2.5499615669    1.649  0.980  3.8723  4.116    0  0.000  0.538     0.00     0.00     0.00     0.00     0.00 -1 -5.91e-14      0.00 7.092e-01 2.755e-01 2.709e-03 7.398e-04 6.719e-03 -1.000 1.527e-02 2.319 2.543 2.536 2.270 2.107 1.966 1.808 1.694 1.682
0.0152 0.01508 7.00000 1.6529583931 2.5501568317    1.652  0.977  3.8733  4.124    0  0.000  0.538     0.00     0.00     0.00     0.00     0.00 -1  -5.7e-15      0.00 7.092e-01 2.755e-01 2.709e-03 7.398e-04 6.719e-03 -1.000 1.527e-02 2.327 2.549 2.541 2.277 2.117 1.977 1.821 1.709 1.697
0.0152 0.01508 7.00000 1.6668877602 2.5510659218    1.666  0.952  3.8741  4.156    0  0.000  0.538     0.00     0.00     0.00     0.00     0.00 -1 -1.01e-19      0.00 7.092e-01 2.755e-01 2.709e-03 7.398e-04 6.719e-03 -1.000 1.527e-02 2.390 2.609 2.605 2.342 2.182 2.043 1.889 1.777 1.765
0.0152 0.01508 7.00000 1.6792864799 2.5518605709    1.679  0.928  3.8732  4.180    0  0.000  0.538     0.00     0.00     0.00     0.00     0.00 -1  -6.9e-24      0.00 7.092e-01 2.755e-01 2.709e-03 7.398e-04 6.719e-03 -1.000 1.527e-02 2.451 2.670 2.670 2.404 2.242 2.101 1.944 1.830 1.819
0.0152 0.01508 7.00000 1.6922913790 2.5526795387    1.691  0.907  3.8718  4.199    0  0.000  0.538     0.00     0.00     0.00     0.00     0.00 -1 -3.38e-28      0.00 7.092e-01 2.755e-01 2.709e-03 7.398e-04 6.719e-03 -1.000 1.527e-02 2.503 2.723 2.728 2.457 2.292 2.148 1.989 1.872 1.860
0.0152 0.01508 7.00000 1.7000000477 2.5531582832    1.699  0.901  3.8715  4.205    0  0.000  0.538     0.00     0.00     0.00     0.00     0.00 -1    -1e-30      0.00 7.092e-01 2.755e-01 2.709e-03 7.398e-04 6.719e-03 -1.000 1.527e-02 2.518 2.738 2.744 2.472 2.306 2.161 2.002 1.884 1.873
0.0152 0.01508 7.00000 1.7137007713 2.5539968014    1.713  0.892  3.8710  4.216    0  0.000  0.538     0.00     0.00     0.00     0.00     0.00 -1    -1e-30      0.00 7.092e-01 2.755e-01 2.709e-03 7.398e-04 6.719e-03 -1.000 1.527e-02 2.540 2.760 2.768 2.495 2.327 2.182 2.021 1.903 1.891
0.0152 0.01508 7.00000 1.7366678715 2.5553684235    1.736  0.899  3.8729  4.223    0  0.000  0.538     0.00     0.00     0.00     0.00     0.00 -1    -1e-30      0.00 7.092e-01 2.755e-01 2.709e-03 7.398e-04 6.719e-03 -1.000 1.527e-02 2.524 2.741 2.748 2.479 2.315 2.173 2.016 1.901 1.889
0.0152 0.01508 7.00000 1.7500000000 2.5561456680    1.749  0.920  3.8772  4.222    0  0.000  0.538     0.00     0.00     0.00     0.00     0.00 -1    -1e-30      0.00 7.092e-01 2.755e-01 2.709e-03 7.398e-04 6.719e-03 -1.000 1.527e-02 2.470 2.681 2.682 2.424 2.269 2.135 1.987 1.879 1.868
0.0152 0.01508 7.00000 1.7726517916 2.5574355125    1.772  0.956  3.8846  4.221    0  0.000  0.538     0.00     0.00     0.00     0.00     0.00 -1    -1e-30      0.00 7.092e-01 2.755e-01 2.709e-03 7.398e-04 6.719e-03 -1.000 1.527e-02 2.381 2.581 2.572 2.334 2.193 2.072 1.939 1.844 1.834
0.0152 0.01508 7.00000 1.8000000715 2.5589430332    1.799  1.006  3.8960  4.223    0  0.000  0.538     0.00     0.00     0.00     0.00     0.00 -1    -1e-30      0.00 7.092e-01 2.755e-01 2.709e-03 7.397e-04 6.719e-03 -1.000 1.527e-02 2.256 2.441 2.418 2.210 2.092 1.992 1.881 1.805 1.796
0.0152 0.01508 7.00000 1.8054823875 2.5592389107    1.804  1.016  3.8984  4.224    0  0.000  0.538     0.00     0.00     0.00     0.00     0.00 -1    -1e-30      0.00 7.092e-01 2.755e-01 2.709e-03 7.397e-04 6.719e-03 -1.000 1.527e-02 2.230 2.413 2.387 2.185 2.072 1.976 1.870 1.797 1.788
0.0152 0.01508 7.00000 1.8391692638 2.5610127449    1.838  1.084  3.9169  4.238    0  0.000  0.538     0.00     0.00     0.00     0.00     0.00 -1    -1e-30      0.00 7.092e-01 2.755e-01 2.709e-03 7.397e-04 6.719e-03 -1.000 1.527e-02 2.060 2.224 2.180 2.029 1.952 1.887 1.814 1.767 1.759
0.0152 0.01508 7.00000 1.8500000238 2.5615673065    1.849  1.107  3.9237  4.245    0  0.000  0.538     0.00     0.00     0.00     0.00     0.00 -1    -1e-30      0.00 7.092e-01 2.755e-01 2.709e-03 7.397e-04 6.719e-03 -1.000 1.527e-02 2.002 2.160 2.113 1.980 1.915 1.861 1.799 1.760 1.753
0.0152 0.01508 7.00000 1.8695551157 2.5625498295    1.868  1.148  3.9365  4.260    0  0.000  0.538     0.00     0.00     0.00     0.00     0.00 -1    -1e-30      0.00 7.092e-01 2.755e-01 2.709e-03 7.397e-04 6.719e-03 -1.000 1.527e-02 1.900 2.045 2.001 1.901 1.857 1.820 1.779 1.753 1.748
0.0152 0.01508 7.00000 1.9000000954 2.5640332699    1.899  1.191  3.9521  4.286    0  0.000  0.538     0.00     0.00     0.00     0.00     0.00 -1    -1e-30      0.00 7.092e-01 2.755e-01 2.709e-03 7.397e-04 6.719e-03 -1.000 1.526e-02 1.793 1.925 1.901 1.835 1.812 1.793 1.775 1.762 1.759
0.0152 0.01508 7.00000 1.9294158220 2.5654156208    1.929  1.215  3.9636  4.315    0  0.000  0.538     0.00     0.00     0.00     0.00     0.00 -1    -1e-30      0.00 7.092e-01 2.755e-01 2.709e-03 7.397e-04 6.719e-03 -1.000 1.526e-02 1.734 1.860 1.858 1.814 1.802 1.794 1.792 1.787 1.786
0.0152 0.01508 7.00000 1.9500001669 2.5663545132    1.950  1.224  3.9677  4.327    0  0.000  0.538     0.00     0.00     0.00     0.00     0.00 -1    -1e-30      0.00 7.092e-01 2.755e-01 2.709e-03 7.397e-04 6.719e-03 -1.000 1.527e-02 1.711 1.837 1.843 1.805 1.797 1.793 1.796 1.795 1.794
0.0152 0.01508 7.00000 1.9899659157 2.5681135654    1.990  1.247  3.9758  4.345    0  0.000  0.538     0.00     0.00     0.00     0.00     0.00 -1    -1e-30      0.00 7.093e-01 2.755e-01 2.709e-03 7.397e-04 6.718e-03 -1.000 1.525e-02 1.653 1.780 1.804 1.779 1.778 1.781 1.794 1.797 1.799
0.0152 0.01508 7.00000 2.0000000000 2.5685424805    2.000  1.254  3.9774  4.347    0  0.000  0.538     0.00     0.00     0.00     0.00     0.00 -1    -1e-30      0.00 7.093e-01 2.755e-01 2.709e-03 7.397e-04 6.718e-03 -1.000 1.525e-02 1.635 1.762 1.790 1.768 1.768 1.772 1.788 1.791 1.793
0.0152 0.01508 7.00000 2.0499999523 2.5706083775    2.050  1.278  3.9839  4.359    0  0.000  0.538     0.00     0.00     0.00     0.00     0.00 -1    -1e-30      0.00 7.093e-01 2.754e-01 2.709e-03 7.397e-04 6.718e-03 -1.000 1.527e-02 1.575 1.704 1.747 1.735 1.740 1.749 1.772 1.779 1.783
0.0152 0.01508 7.00000 2.0825653076 2.5718927383    2.082  1.303  3.9888  4.361    0  0.000  0.538     0.00     0.00     0.00     0.00     0.00 -1    -1e-30      0.00 7.093e-01 2.754e-01 2.709e-03 7.396e-04 6.718e-03 -1.000 1.527e-02 1.513 1.644 1.699 1.695 1.703 1.716 1.745 1.754 1.759
0.0152 0.01508 7.00000 2.0999999046 2.5725615025    2.099  1.317  3.9917  4.361    0  0.000  0.538     0.00     0.00     0.00     0.00     0.00 -1    -1e-30      0.00 7.093e-01 2.754e-01 2.709e-03 7.396e-04 6.718e-03 -1.000 1.527e-02 1.477 1.608 1.671 1.671 1.681 1.696 1.728 1.738 1.744
0.0152 0.01508 7.00000 2.1500000954 2.5744106770    2.149  1.358  3.9996  4.362    0  0.000  0.538     0.00     0.00     0.00     0.00     0.00 -1    -1e-30      0.00 7.093e-01 2.754e-01 2.709e-03 7.396e-04 6.718e-03 -1.000 1.527e-02 1.374 1.509 1.593 1.605 1.620 1.640 1.681 1.695 1.702
0.0152 0.01508 7.00000 2.2000000477 2.5761635303    2.199  1.399  4.0073  4.363    0  0.000  0.538     0.00     0.00     0.00     0.00     0.00 -1    -1e-30      0.00 7.093e-01 2.754e-01 2.709e-03 7.396e-04 6.718e-03 -1.000 1.527e-02 1.274 1.413 1.519 1.541 1.560 1.584 1.634 1.651 1.661
0.0152 0.01508 7.00000 2.2500000000 2.5778269768    2.249  1.438  4.0147  4.363    0  0.000  0.538     0.00     0.00     0.00     0.00     0.00 -1    -1e-30      0.00 7.093e-01 2.754e-01 2.709e-03 7.396e-04 6.717e-03 -1.000 1.527e-02 1.176 1.320 1.448 1.480 1.502 1.530 1.588 1.608 1.620
0.0152 0.01508 7.00000 2.2999999523 2.5794074535    2.299  1.475  4.0218  4.363    0  0.000  0.538     0.00     0.00     0.00     0.00     0.00 -1    -1e-30      0.00 7.093e-01 2.754e-01 2.709e-03 7.396e-04 6.717e-03 -1.000 1.527e-02 1.082 1.231 1.380 1.420 1.445 1.478 1.543 1.565 1.579
0.0152 0.01508 7.00000 2.4000000954 2.5823426247    2.399  1.548  4.0353  4.364    0  0.000  0.538     0.00     0.00     0.00     0.00     0.00 -1    -1e-30      0.00 7.093e-01 2.754e-01 2.709e-03 7.396e-04 6.717e-03 -1.000 1.527e-02 0.900 1.062 1.253 1.307 1.337 1.376 1.456 1.482 1.500
0.0152 0.01508 7.00000 2.5999999046 2.5874414444    2.600  1.683  4.0601  4.363    0  0.000  0.538     0.00     0.00     0.00     0.00     0.00 -1    -1e-30      0.00 7.092e-01 2.755e-01 2.710e-03 7.399e-04 6.720e-03 -1.000 1.527e-02 0.563 0.753 1.022 1.097 1.135 1.184 1.289 1.323 1.348
0.0152 0.01508 7.00000 2.7468900681 2.5906474590    2.747  1.775  4.0766  4.360    1  0.000  0.538     0.00     0.00     0.00     0.00     0.00 -1    -1e-30      0.00 7.092e-01 2.755e-01 2.710e-03 7.399e-04 6.720e-03 -1.000 1.527e-02 0.332 0.547 0.867 0.954 0.995 1.050 1.171 1.210 1.238
0.0152 0.01508 7.00000 2.8000001907 2.5917119980    2.800  1.807  4.0822  4.359    1  0.000  0.538     0.00     0.00     0.00     0.00     0.00 -1    -1e-30      0.00 7.092e-01 2.755e-01 2.710e-03 7.399e-04 6.720e-03 -1.000 1.527e-02 0.252 0.475 0.813 0.904 0.947 1.004 1.130 1.170 1.200
0.0152 0.01508 7.00000 3.0000000000 2.5953342915    3.000  1.922  4.1024  4.354    1  0.000  0.538     0.00     0.00     0.00     0.00     0.00 -1    -1e-30      0.00 7.092e-01 2.755e-01 2.710e-03 7.399e-04 6.720e-03 -1.000 1.527e-02 -0.036 0.225 0.623 0.725 0.773 0.836 0.981 1.026 1.060
0.0152 0.01508 7.00000 3.0074486732 2.5954585075    3.008  1.927  4.1031  4.354    1  0.000  0.538     0.00     0.00     0.00     0.00     0.00 -1    -1e-30      0.00 7.092e-01 2.755e-01 2.710e-03 7.399e-04 6.720e-03 -1.000 1.527e-02 -0.046 0.216 0.616 0.719 0.766 0.830 0.975 1.020 1.055
0.0152 0.01508 7.00000 3.2000000477 2.5984411240    3.199  2.029  4.1209  4.349    0  0.000  0.538     0.00     0.00     0.00     0.00     0.00 -1    -1e-30      0.00 7.092e-01 2.755e-01 2.710e-03 7.399e-04 6.720e-03 -1.000 1.527e-02 -0.304 -0.000 0.449 0.561 0.612 0.682 0.842 0.891 0.929
0.0152 0.01508 7.00000 3.4000000954 2.6011312008    3.398  2.129  4.1378  4.343    1  0.000  0.538     0.00     0.00     0.00     0.00     0.00 -1    -1e-30      0.00 7.092e-01 2.755e-01 2.710e-03 7.399e-04 6.720e-03 -1.000 1.527e-02 -0.554 -0.207 0.286 0.407 0.462 0.537 0.710 0.763 0.804
0.0152 0.01508 7.00000 3.6000001431 2.6034805775    3.598  2.223  4.1533  4.336    1  0.000  0.538     0.00     0.00     0.00     0.00     0.00 -1    -1e-30      0.00 7.092e-01 2.755e-01 2.710e-03 7.399e-04 6.720e-03 -1.000 1.527e-02 -0.788 -0.398 0.133 0.263 0.321 0.400 0.585 0.641 0.685
0.0152 0.01508 7.00000 3.7569794655 2.6051244736    3.755  2.293  4.1649  4.331    1  0.000  0.538     0.00     0.00     0.00     0.00     0.00 -1    -1e-30      0.00 7.092e-01 2.755e-01 2.710e-03 7.399e-04 6.720e-03 -1.000 1.527e-02 -0.963 -0.537 0.021 0.156 0.217 0.300 0.493 0.552 0.598
0.0152 0.01508 7.00000 3.8000001907 2.6055479050    3.798  2.312  4.1681  4.330    1  0.000  0.538     0.00     0.00     0.00     0.00     0.00 -1    -1e-30      0.00 7.092e-01 2.755e-01 2.710e-03 7.399e-04 6.720e-03 -1.000 1.527e-02 -1.010 -0.574 -0.009 0.128 0.189 0.273 0.469 0.528 0.575
0.0152 0.01508 7.00000 4.0000000000 2.6073791981    4.001  2.395  4.1817  4.324    1  0.000  0.538     0.00     0.00     0.00     0.00     0.00 -1    -1e-30      0.00 7.092e-01 2.755e-01 2.710e-03 7.399e-04 6.720e-03 -1.000 1.527e-02 -1.218 -0.739 -0.144 -0.000 0.065 0.153 0.358 0.420 0.469
0.0152 0.01508 7.00000 4.1999998093 2.6090114117    4.198  2.475  4.1946  4.317    1  0.000  0.538     0.00     0.00     0.00     0.00     0.00 -1    -1e-30      0.00 7.092e-01 2.755e-01 2.710e-03 7.399e-04 6.720e-03 -1.000 1.527e-02 -1.416 -0.893 -0.272 -0.122 -0.054 0.038 0.253 0.317 0.368
0.0152 0.01508 7.00000 4.4000000954 2.6104743481    4.397  2.550  4.2066  4.310    1  0.000  0.538     0.00     0.00     0.00     0.00     0.00 -1    -1e-30      0.00 7.092e-01 2.755e-01 2.710e-03 7.399e-04 6.720e-03 -1.000 1.527e-02 -1.604 -1.040 -0.395 -0.238 -0.167 -0.072 0.150 0.217 0.271
0.0152 0.01508 7.00000 4.5999999046 2.6117916107    4.598  2.621  4.2179  4.303    1  0.000  0.538     0.00     0.00     0.00     0.00     0.00 -1    -1e-30      0.00 7.092e-01 2.755e-01 2.710e-03 7.399e-04 6.720e-03 -1.000 1.527e-02 -1.783 -1.179 -0.512 -0.350 -0.276 -0.177 0.053 0.122 0.177
0.0152 0.01508 7.00000 4.8000001907 2.6129837036    4.798  2.690  4.2289  4.297    1  0.000  0.538     0.00     0.00     0.00     0.00     0.00 -1    -1e-30      0.00 7.092e-01 2.755e-01 2.710e-03 7.399e-04 6.720e-03 -1.000 1.527e-02 -1.955 -1.311 -0.624 -0.456 -0.380 -0.277 -0.040 0.031 0.088
0.0152 0.01508 7.00000 5.0000000000 2.6140668392    4.999  2.755  4.2388  4.289    1  0.000  0.538     0.00     0.00     0.00     0.00     0.00 -1    -1e-30      0.00 7.092e-01 2.755e-01 2.710e-03 7.399e-04 6.720e-03 -1.000 1.527e-02 -2.118 -1.438 -0.732 -0.560 -0.481 -0.376 -0.132 -0.059 0.000
0.0152 0.01508 7.00000 5.0243091583 2.6141915321    5.023  2.763  4.2400  4.288    1  0.000  0.538     0.00     0.00     0.00     0.00     0.00 -1    -1e-30      0.00 7.092e-01 2.755e-01 2.710e-03 7.399e-04 6.720e-03 -1.000 1.527e-02 -2.137 -1.453 -0.745 -0.572 -0.493 -0.387 -0.143 -0.070 -0.010
0.0152 0.01508 7.00000 5.1999998093 2.6150546074    5.200  2.818  4.2485  4.282    1  0.000  0.538     0.00     0.00     0.00     0.00     0.00 -1    -1e-30      0.00 7.092e-01 2.755e-01 2.710e-03 7.399e-04 6.720e-03 -1.000 1.527e-02 -2.275 -1.560 -0.837 -0.659 -0.578 -0.470 -0.220 -0.145 -0.084
0.0152 0.01508 7.00000 5.3999996185 2.6159586906    5.401  2.879  4.2579  4.275    1  0.000  0.538     0.00     0.00     0.00     0.00     0.00 -1    -1e-30      0.00 7.092e-01 2.755e-01 2.710e-03 7.399e-04 6.720e-03 -1.000 1.527e-02 -2.427 -1.677 -0.937 -0.755 -0.671 -0.560 -0.305 -0.228 -0.165
0.0152 0.01508 7.00000 5.5999994278 2.6167888641    5.601  2.937  4.2668  4.268    1  0.000  0.538     0.00     0.00     0.00     0.00     0.00 -1    -1e-30      0.00 7.092e-01 2.755e-01 2.710e-03 7.399e-04 6.720e-03 -1.000 1.527e-02 -2.573 -1.790 -1.035 -0.848 -0.762 -0.648 -0.387 -0.308 -0.244
0.0152 0.01508 7.00000 5.8000001907 2.6175537109    5.801  2.993  4.2752  4.261    1  0.000  0.538     0.00     0.00     0.00     0.00     0.00 -1    -1e-30      0.00 7.092e-01 2.755e-01 2.710e-03 7.399e-04 6.720e-03 -1.000 1.527e-02 -2.713 -1.900 -1.129 -0.939 -0.851 -0.734 -0.468 -0.387 -0.321
0.0152 0.01508 7.00000 6.0000000000 2.6182601452    6.000  3.048  4.2834  4.254    1  0.000  0.538     0.00     0.00     0.00     0.00     0.00 -1    -1e-30      0.00 7.092e-01 2.755e-01 2.710e-03 7.399e-04 6.720e-03 -1.000 1.527e-02 -2.849 -2.005 -1.221 -1.026 -0.936 -0.817 -0.546 -0.463 -0.396
0.0152 0.01508 7.00000 6.1999998093 2.6189143658    6.200  3.100  4.2913  4.248    1  0.000  0.538     0.00     0.00     0.00     0.00     0.00 -1    -1e-30      0.00 7.092e-01 2.755e-01 2.710e-03 7.399e-04 6.720e-03 -1.000 1.527e-02 -2.980 -2.108 -1.310 -1.112 -1.019 -0.898 -0.621 -0.537 -0.469
0.0152 0.01508 7.00000 6.4000000954 2.6195218563    6.399  3.151  4.2987  4.241    1  0.000  0.538     0.00     0.00     0.00     0.00     0.00 -1    -1e-30      0.00 7.092e-01 2.755e-01 2.710e-03 7.399e-04 6.720e-03 -1.000 1.527e-02 -3.106 -2.207 -1.396 -1.195 -1.101 -0.977 -0.696 -0.610 -0.540
0.0152 0.01508 7.00000 7.0000000000 2.6211071014    6.996  3.294  4.3197  4.220    1  0.000  0.538     0.00     0.00     0.00     0.00     0.00 -1    -1e-30      0.00 7.092e-01 2.755e-01 2.710e-03 7.399e-04 6.720e-03 -1.000 1.527e-02 -3.465 -2.489 -1.643 -1.432 -1.333 -1.203 -0.909 -0.818 -0.745
0.0152 0.01508 7.00000 7.1827168465 2.6215298176    7.180  3.335  4.3255  4.213    1  0.000  0.538     0.00     0.00     0.00     0.00     0.00 -1    -1e-30      0.00 7.092e-01 2.755e-01 2.710e-03 7.399e-04 6.720e-03 -1.000 1.527e-02 -3.567 -2.570 -1.714 -1.501 -1.401 -1.268 -0.971 -0.879 -0.804
0.0152 0.01508 7.00000 7.8277215958 2.6228420734    7.828  3.472  4.3449  4.191    1  0.000  0.538     0.00     0.00     0.00     0.00     0.00 -1    -1e-30      0.00 7.092e-01 2.755e-01 2.710e-03 7.399e-04 6.720e-03 -1.000 1.527e-02 -3.911 -2.845 -1.957 -1.736 -1.631 -1.493 -1.183 -1.087 -1.008
0.0152 0.01508 7.00000 8.0000000000 2.6231517792    8.001  3.508  4.3498  4.184    1  0.000  0.538     0.00     0.00     0.00     0.00     0.00 -1    -1e-30      0.00 7.092e-01 2.755e-01 2.710e-03 7.399e-04 6.720e-03 -1.000 1.527e-02 -4.000 -2.916 -2.020 -1.797 -1.691 -1.551 -1.239 -1.142 -1.062
0.0152 0.01508 7.00000 8.1099500656 2.6233415604    8.110  3.530  4.3527  4.180    1  0.000  0.538     0.00     0.00     0.00     0.00     0.00 -1    -1e-30      0.00 7.092e-01 2.755e-01 2.710e-03 7.399e-04 6.720e-03 -1.000 1.527e-02 -4.054 -2.960 -2.059 -1.835 -1.728 -1.588 -1.274 -1.176 -1.095
0.0152 0.01508 7.00000 8.7556915283 2.6243460178    8.751  3.654  4.3691  4.155    1  0.000  0.538     0.00     0.00     0.00     0.00     0.00 -1    -1e-30      0.00 7.092e-01 2.755e-01 2.710e-03 7.399e-04 6.720e-03 -1.000 1.527e-02 -4.364 -3.212 -2.284 -2.054 -1.944 -1.799 -1.475 -1.374 -1.290
0.0152 0.01508 7.00000 9.0000000000 2.6246831417    8.995  3.699  4.3749  4.145    1  0.000  0.538     0.00     0.00     0.00     0.00     0.00 -1    -1e-30      0.00 7.092e-01 2.755e-01 2.710e-03 7.399e-04 6.720e-03 -1.000 1.527e-02 -4.477 -3.306 -2.368 -2.136 -2.025 -1.878 -1.551 -1.448 -1.363
0.0152 0.01508 7.00000 9.1304521561 2.6248545647    9.125  3.722  4.3779  4.140    1  0.000  0.538     0.00     0.00     0.00     0.00     0.00 -1    -1e-30      0.00 7.092e-01 2.755e-01 2.710e-03 7.399e-04 6.720e-03 -1.000 1.527e-02 -4.535 -3.354 -2.411 -2.178 -2.066 -1.919 -1.590 -1.486 -1.401
0.0152 0.01508 7.00000 9.6927623749 2.6255335808    9.690  3.820  4.3898  4.116    1  0.000  0.538     0.00     0.00     0.00     0.00     0.00 -1    -1e-30      0.00 7.092e-01 2.755e-01 2.710e-03 7.399e-04 6.720e-03 -1.000 1.527e-02 -4.780 -3.557 -2.595 -2.357 -2.244 -2.094 -1.758 -1.652 -1.563
0.0152 0.01508 7.00000 10.0000000000 2.6258678436    9.998  3.872  4.3959  4.102    1  0.000  0.538     0.00     0.00     0.00     0.00     0.00 -1    -1e-30      0.00 7.092e-01 2.755e-01 2.710e-03 7.399e-04 6.720e-03 -1.000 1.527e-02 -4.909 -3.665 -2.695 -2.454 -2.339 -2.188 -1.849 -1.741 -1.652
0.0152 0.01508 7.00000 10.1434803009 2.6260159016   10.142  3.895  4.3986  4.095    1  0.000  0.538     0.00     0.00     0.00     0.00     0.00 -1    -1e-30      0.00 7.092e-01 2.755e-01 2.710e-03 7.399e-04 6.720e-03 -1.000 1.527e-02 -4.968 -3.714 -2.739 -2.498 -2.383 -2.231 -1.890 -1.782 -1.692
0.0152 0.01508 7.00000 10.6504821777 2.6265025139   10.651  3.976  4.4075  4.072    1  0.000  0.538     0.00     0.00     0.00     0.00     0.00 -1    -1e-30      0.00 7.092e-01 2.755e-01 2.710e-03 7.399e-04 6.720e-03 -1.000 1.527e-02 -5.169 -3.906 -2.894 -2.628 -2.512 -2.373 -2.020 -1.933 -1.853
0.0152 0.01508 7.00000 11.0000000000 2.6268081665   11.002  4.030  4.4131  4.054    1  0.000  0.538     0.00     0.00     0.00     0.00     0.00 -1    -1e-30      0.00 7.092e-01 2.755e-01 2.710e-03 7.399e-04 6.720e-03 -1.000 1.527e-02 -5.306 -4.026 -3.011 -2.740 -2.618 -2.473 -2.119 -2.036 -1.954
0.0152 0.01508 7.00000 11.2928743362 2.6270477772   11.294  4.074  4.4174  4.038    1  0.000  0.538     0.00     0.00     0.00     0.00     0.00 -1    -1e-30      0.00 7.092e-01 2.755e-01 2.710e-03 7.399e-04 6.720e-03 -1.000 1.527e-02 -5.416 -4.125 -3.108 -2.833 -2.707 -2.557 -2.202 -2.121 -2.038
0.0152 0.01508 7.00000 11.6818408966 2.6273443699   11.683  4.132  4.4225  4.015    1  0.000  0.538     0.00     0.00     0.00     0.00     0.00 -1    -1e-30      0.00 7.092e-01 2.755e-01 2.710e-03 7.399e-04 6.720e-03 -1.000 1.527e-02 -5.560 -4.259 -3.240 -2.960 -2.827 -2.671 -2.315 -2.236 -2.152
0.0152 0.01508 7.00000 12.0000000000 2.6275708675   12.001  4.179  4.4263  3.996    1  0.000  0.538     0.00     0.00     0.00     0.00     0.00 -1    -1e-30      0.00 7.092e-01 2.755e-01 2.710e-03 7.399e-04 6.720e-03 -1.000 1.527e-02 -5.677 -4.368 -3.346 -3.064 -2.929 -2.771 -2.412 -2.333 -2.247
0.0152 0.01508 7.00000 12.1029930115 2.6276412010   12.102  4.193  4.4274  3.990    1  0.000  0.538     0.00     0.00     0.00     0.00     0.00 -1 -1.61e-29      0.00 7.092e-01 2.755e-01 2.712e-03 7.400e-04 6.720e-03 -1.000 1.527e-02 -5.712 -4.401 -3.376 -3.095 -2.961 -2.804 -2.444 -2.363 -2.276
0.0152 0.01508 7.00000 12.4781074524 2.6278860569   12.469  4.244  4.4311  3.966    1  0.000  0.539     0.00     0.00     0.00     0.00     0.00 -1 -3.32e-25      0.00 7.092e-01 2.755e-01 2.719e-03 7.402e-04 6.720e-03 -1.000 1.527e-02 -5.840 -4.519 -3.487 -3.209 -3.078 -2.924 -2.559 -2.472 -2.384
0.0152 0.01508 7.00000 12.8513755798 2.6281135082   12.832  4.294  4.4343  3.941    1  0.000  0.541     0.00     0.00     0.00     0.00     0.00 -1 -4.94e-21      0.00 7.092e-01 2.755e-01 2.726e-03 7.403e-04 6.719e-03 -1.000 1.527e-02 -5.965 -4.637 -3.598 -3.322 -3.195 -3.042 -2.674 -2.583 -2.492
0.0152 0.01508 7.00000 13.3305225372 2.6283843517   13.298  4.358  4.4372  3.905    1  0.000  0.543     0.00     0.00     0.00     0.00     0.00 -1 -7.67e-16      0.00 7.092e-01 2.755e-01 2.734e-03 7.405e-04 6.719e-03 -1.000 1.527e-02 -6.125 -4.793 -3.748 -3.473 -3.348 -3.197 -2.827 -2.732 -2.639
0.0152 0.01508 7.00000 13.7729949951 2.6286151409   13.726  4.417  4.4389  3.866    1  0.000  0.544     0.00     0.00     0.00     0.00     0.00 -1 -3.28e-11      0.00 7.092e-01 2.755e-01 2.742e-03 7.407e-04 6.719e-03 -1.000 1.527e-02 -6.271 -4.938 -3.890 -3.615 -3.492 -3.342 -2.971 -2.874 -2.779
0.0152 0.01508 7.00000 14.0000000000 2.6287269592   13.946  4.446  4.4392  3.845    0  0.000  0.545     0.00     0.00     0.00     0.00     0.00 -1 -6.92e-09      0.00 7.092e-01 2.755e-01 2.746e-03 7.408e-04 6.719e-03 -1.000 1.527e-02 -6.346 -5.015 -3.965 -3.690 -3.568 -3.418 -3.047 -2.949 -2.854
0.0152 0.01508 7.00000 14.0053653717 2.6287295818   13.951  4.447  4.4392  3.845    0  0.000  0.545     0.00     0.00     0.00     0.00     0.00 -1 -6.94e-09      0.00 7.092e-01 2.755e-01 2.746e-03 7.408e-04 6.719e-03 -1.000 1.527e-02 -6.347 -5.016 -3.967 -3.692 -3.569 -3.420 -3.049 -2.951 -2.855
0.0152 0.01508 7.00000 14.4551382065 2.6289393902   14.389  4.502  4.4393  3.803    0  0.000  0.545     0.00     0.00     0.00     0.00     0.00 -1 -8.81e-09      0.00 7.092e-01 2.755e-01 2.746e-03 7.408e-04 6.719e-03 -1.000 1.527e-02 -6.485 -5.161 -4.111 -3.835 -3.712 -3.563 -3.193 -3.094 -2.998
0.0152 0.01508 7.00000 14.9503984451 2.6291534901   14.868  4.563  4.4373  3.749    0  0.000  0.545     0.00     0.00     0.00     0.00     0.00 -1 -1.12e-08      0.00 7.092e-01 2.755e-01 2.746e-03 7.408e-04 6.719e-03 -1.000 1.527e-02 -6.637 -5.330 -4.282 -4.006 -3.882 -3.732 -3.364 -3.266 -3.168
0.0152 0.01508 7.00000 15.4330825806 2.6293470860   15.334  4.622  4.4335  3.688    0  0.000  0.545     0.00     0.00     0.00     0.00     0.00 -1  -1.4e-08      0.00 7.092e-01 2.755e-01 2.746e-03 7.408e-04 6.719e-03 -1.000 1.527e-02 -6.784 -5.505 -4.461 -4.184 -4.059 -3.909 -3.541 -3.444 -3.345
0.0152 0.01508 7.00000 15.8650226593 2.6295089722   15.748  4.674  4.4279  3.625    0  0.000  0.545     0.00     0.00     0.00     0.00     0.00 -1 -1.66e-08      0.00 7.092e-01 2.755e-01 2.746e-03 7.408e-04 6.719e-03 -1.000 1.527e-02 -6.915 -5.673 -4.634 -4.358 -4.233 -4.082 -3.711 -3.615 -3.516
0.0152 0.01508 7.00000 16.0000000000 2.6295573711   15.878  4.690  4.4258  3.604    0  0.000  0.545     0.00     0.00     0.00     0.00     0.00 -1 -1.74e-08      0.00 7.092e-01 2.755e-01 2.746e-03 7.408e-04 6.719e-03 -1.000 1.527e-02 -6.956 -5.729 -4.691 -4.416 -4.291 -4.140 -3.768 -3.671 -3.572
0.0152 0.01508 7.00000 16.0600967407 2.6295788288   15.934  4.697  4.4248  3.595    0  0.000  0.545     0.00     0.00     0.00     0.00     0.00 -1 -1.78e-08      0.00 7.092e-01 2.755e-01 2.746e-03 7.408e-04 6.719e-03 -1.000 1.527e-02 -6.973 -5.752 -4.715 -4.440 -4.316 -4.165 -3.792 -3.695 -3.596
0.0152 0.01508 7.00000 16.4149589539 2.6297008991   16.265  4.738  4.4171  3.532    0  0.000  0.545     0.00     0.00     0.00     0.00     0.00 -1 -1.94e-08      0.00 7.092e-01 2.755e-01 2.746e-03 7.408e-04 6.719e-03 -1.000 1.527e-02 -7.075 -5.899 -4.864 -4.597 -4.479 -4.334 -3.967 -3.868 -3.770
0.0152 0.01508 7.00000 16.7581825256 2.6298134327   16.584  4.777  4.4080  3.464    0  0.000  0.545     0.00     0.00     0.00     0.00     0.00 -1 -2.07e-08      0.00 7.092e-01 2.755e-01 2.746e-03 7.408e-04 6.719e-03 -1.000 1.527e-02 -7.173 -6.052 -5.022 -4.763 -4.651 -4.514 -4.157 -4.060 -3.964
0.0152 0.01508 7.00000 17.0789051056 2.6299138069   16.881  4.814  4.3976  3.394    0  0.000  0.545     0.00     0.00     0.00     0.00     0.00 -1 -2.16e-08      0.00 7.092e-01 2.755e-01 2.746e-03 7.408e-04 6.719e-03 -1.000 1.527e-02 -7.265 -6.172 -5.151 -4.903 -4.795 -4.659 -4.314 -4.215 -4.122
0.0152 0.01508 7.00000 17.2710304260 2.6299717426   17.059  4.837  4.3899  3.345    0  0.000  0.545     0.00     0.00     0.00     0.00     0.00 -1 -2.17e-08      0.00 7.092e-01 2.755e-01 2.746e-03 7.408e-04 6.719e-03 -1.000 1.527e-02 -7.321 -6.269 -5.255 -5.009 -4.903 -4.769 -4.430 -4.333 -4.240
0.0152 0.01508 7.00000 17.4594326019 2.6300272942   17.232  4.859  4.3813  3.292    0  0.000  0.545     0.00     0.00     0.00     0.00     0.00 -1 -2.26e-08      0.00 7.092e-01 2.755e-01 2.746e-03 7.408e-04 6.719e-03 -1.000 1.527e-02 -7.378 -6.367 -5.361 -5.118 -5.014 -4.882 -4.548 -4.453 -4.360
0.0152 0.01508 7.00000 17.7064208984 2.6300981045   17.450  4.890  4.3725  3.232    0  0.000  0.545     0.00     0.00     0.00     0.00     0.00 -1 -4.76e-08      0.00 7.092e-01 2.755e-01 2.746e-03 7.408e-04 6.719e-03 -1.000 1.527e-02 -7.455 -6.449 -5.451 -5.216 -5.113 -4.977 -4.646 -4.548 -4.459
0.0152 0.01508 7.00000 17.9698791504 2.6301710606   17.666  4.928  4.3790  3.225    0  0.000  0.545     0.00     0.00     0.00     0.00     0.00 -1 -3.16e-08      0.00 7.092e-01 2.755e-01 2.746e-03 7.408e-04 6.719e-03 -1.000 1.527e-02 -7.551 -6.545 -5.538 -5.300 -5.196 -5.062 -4.727 -4.631 -4.540
0.0152 0.01508 7.00000 17.9980430603 2.6301789284   17.689  4.937  4.3876  3.251    0  0.000  0.545     0.00     0.00     0.00     0.00     0.00 -1 -3.31e-08      0.00 7.092e-01 2.755e-01 2.746e-03 7.408e-04 6.719e-03 -1.000 1.527e-02 -7.573 -6.529 -5.513 -5.272 -5.167 -5.031 -4.692 -4.594 -4.502
0.0152 0.01508 7.00000 18.0000000000 2.6301794052   17.693  4.938  4.3886  3.254    0  0.000  0.545     0.00     0.00     0.00     0.00     0.00 -1 -3.37e-08      0.00 7.092e-01 2.755e-01 2.746e-03 7.408e-04 6.719e-03 -1.000 1.527e-02 -7.576 -6.526 -5.509 -5.268 -5.163 -5.026 -4.687 -4.588 -4.496
0.0152 0.01508 7.00000 18.0036144257 2.6301803589   17.697  4.940  4.3904  3.260    0  0.000  0.545     0.00     0.00     0.00     0.00     0.00 -1 -3.47e-08      0.00 7.092e-01 2.755e-01 2.746e-03 7.408e-04 6.719e-03 -1.000 1.527e-02 -7.579 -6.521 -5.502 -5.261 -5.156 -5.018 -4.678 -4.578 -4.486
0.0152 0.01508 7.00000 18.0126342773 2.6301827431   17.705  4.951  4.4009  3.291    0  0.000  0.545     0.00     0.00     0.00     0.00     0.00 -1 -4.16e-08      0.00 7.092e-01 2.755e-01 2.746e-03 7.408e-04 6.719e-03 -1.000 1.527e-02 -7.607 -6.558 -5.532 -5.286 -5.181 -5.050 -4.705 -4.610 -4.515
0.0152 0.01508 7.00000 18.0171775818 2.6301839352   17.709  4.966  4.4120  3.320    0  0.000  0.545     0.00     0.00     0.00     0.00     0.00 -1 -5.14e-08      0.00 7.092e-01 2.755e-01 2.746e-03 7.408e-04 6.719e-03 -1.000 1.527e-02 -7.645 -6.548 -5.514 -5.262 -5.153 -5.015 -4.659 -4.562 -4.465
0.0152 0.01508 7.00000 18.0189075470 2.6301844120   17.710  4.977  4.4190  3.337    0  0.000  0.545     0.00     0.00     0.00     0.00     0.00 -1 -5.89e-08      0.00 7.092e-01 2.755e-01 2.746e-03 7.408e-04 6.719e-03 -1.000 1.527e-02 -7.673 -6.545 -5.506 -5.250 -5.137 -4.996 -4.632 -4.534 -4.435
0.0152 0.01508 7.00000 18.0198574066 2.6301846504   17.711  4.977  4.4195  3.339    0  0.000  0.545     0.00     0.00     0.00     0.00     0.00 -1    -6e-08      0.00 7.092e-01 2.755e-01 2.746e-03 7.408e-04 6.719e-03 -1.000 1.527e-02 -7.673 -6.542 -5.503 -5.246 -5.133 -4.991 -4.628 -4.529 -4.430
0.0152 0.01508 7.00000 18.0240879059 2.6301858425   17.715  4.965  4.4125  3.323    1  0.000  0.545     0.00     0.00     0.00     0.00     0.00 -1 -5.26e-08      0.00 7.092e-01 2.755e-01 2.746e-03 7.408e-04 6.719e-03 -1.000 1.527e-02 -7.643 -6.543 -5.509 -5.256 -5.147 -5.009 -4.652 -4.555 -4.458
0.0152 0.01508 7.00000 18.0253486633 2.6301863194   17.716  4.963  4.4023  3.285    1  0.000  0.545     0.00     0.00     0.00     0.00     0.00 -1 -4.63e-08      0.00 7.092e-01 2.755e-01 2.746e-03 7.408e-04 6.719e-03 -1.000 1.527e-02 -7.637 -6.585 -5.557 -5.311 -5.206 -5.075 -4.728 -4.633 -4.538
0.0152 0.01508 7.00000 18.0264930725 2.6301865578   17.717  4.963  4.3908  3.239    1  0.000  0.545     0.00     0.00     0.00     0.00     0.00 -1 -4.05e-08      0.00 7.092e-01 2.755e-01 2.746e-03 7.408e-04 6.719e-03 -1.000 1.527e-02 -7.636 -6.573 -5.552 -5.312 -5.206 -5.068 -4.727 -4.627 -4.535
0.0152 0.01508 7.00000 18.0274982452 2.6301867962   17.718  4.964  4.3791  3.191    1  0.000  0.545     0.00     0.00     0.00     0.00     0.00 -1 -3.47e-08      0.00 7.092e-01 2.755e-01 2.746e-03 7.408e-04 6.719e-03 -1.000 1.527e-02 -7.639 -6.634 -5.625 -5.388 -5.285 -5.150 -4.815 -4.718 -4.628
0.0152 0.01508 7.00000 18.0283451080 2.6301870346   17.719  4.965  4.3682  3.146    1  0.000  0.545     0.00     0.00     0.00     0.00     0.00 -1 -1.12e-07      0.00 7.092e-01 2.755e-01 2.746e-03 7.408e-04 6.719e-03 -1.000 1.527e-02 -7.643 -6.736 -5.735 -5.495 -5.392 -5.263 -4.927 -4.841 -4.751
0.0152 0.01508 7.00000 18.0291938782 2.6301872730   17.719  4.967  4.3562  3.097    1  0.000  0.545     0.00     0.00     0.00     0.00     0.00 -1  -3.8e-07      0.00 7.092e-01 2.755e-01 2.746e-03 7.408e-04 6.719e-03 -1.000 1.527e-02 -7.647 -6.801 -5.817 -5.585 -5.486 -5.363 -5.030 -4.944 -4.853
0.0152 0.01508 7.00000 18.0300655365 2.6301875114   17.720  4.969  4.3432  3.043    1  0.000  0.545     0.00     0.00     0.00     0.00     0.00 -1 -6.05e-07      0.00 7.092e-01 2.755e-01 2.746e-03 7.408e-04 6.719e-03 -1.000 1.527e-02 -7.652 -6.864 -5.895 -5.669 -5.571 -5.453 -5.127 -5.044 -4.955
0.0152 0.01508 7.00000 18.0307636261 2.6301877499   17.720  4.970  4.3321  2.997    1  0.000  0.545     0.00     0.00     0.00     0.00     0.00 -1 -6.07e-07      0.00 7.092e-01 2.755e-01 2.746e-03 7.408e-04 6.719e-03 -1.000 1.527e-02 -7.656 -6.911 -5.956 -5.730 -5.634 -5.519 -5.200 -5.122 -5.035
0.0152 0.01508 7.00000 18.0314731598 2.6301879883   17.720  4.971  4.3202  2.948    1  0.000  0.545     0.00     0.00     0.00     0.00     0.00 -1 -5.98e-07      0.00 7.092e-01 2.755e-01 2.746e-03 7.408e-04 6.719e-03 -1.000 1.527e-02 -7.659 -6.964 -6.025 -5.801 -5.707 -5.597 -5.287 -5.215 -5.132
0.0152 0.01508 7.00000 18.0321884155 2.6301879883   17.721  4.972  4.3075  2.896    1  0.000  0.545     0.00     0.00     0.00     0.00     0.00 -1  -5.8e-07      0.00 7.092e-01 2.755e-01 2.746e-03 7.408e-04 6.719e-03 -1.000 1.527e-02 -7.661 -7.024 -6.101 -5.880 -5.789 -5.683 -5.381 -5.314 -5.239
0.0152 0.01508 7.00000 18.0327320099 2.6301882267   17.721  4.973  4.2974  2.855    1  0.000  0.545     0.00     0.00     0.00     0.00     0.00 -1 -5.69e-07      0.00 7.092e-01 2.755e-01 2.746e-03 7.408e-04 6.719e-03 -1.000 1.527e-02 -7.663 -6.901 -6.011 -5.806 -5.718 -5.597 -5.307 -5.221 -5.147
0.0152 0.01508 7.00000 18.0332794189 2.6301884651   17.722  4.974  4.2868  2.812    1  0.000  0.545     0.00     0.00     0.00     0.00     0.00 -1  -5.6e-07      0.00 7.092e-01 2.755e-01 2.746e-03 7.408e-04 6.719e-03 -1.000 1.527e-02 -7.664 -6.952 -6.067 -5.868 -5.786 -5.670 -5.385 -5.302 -5.230
0.0152 0.01508 7.00000 18.0338249207 2.6301884651   17.722  4.974  4.2757  2.767    1  0.000  0.545     0.00     0.00     0.00     0.00     0.00 -1 -5.44e-07      0.00 7.092e-01 2.755e-01 2.746e-03 7.408e-04 6.719e-03 -1.000 1.527e-02 -7.665 -7.005 -6.125 -5.934 -5.856 -5.745 -5.466 -5.386 -5.316
0.0152 0.01508 7.00000 18.0343780518 2.6301887035   17.722  4.974  4.2640  2.720    1  0.000  0.545     0.00     0.00     0.00     0.00     0.00 -1 -5.28e-07      0.00 7.092e-01 2.755e-01 2.746e-03 7.408e-04 6.719e-03 -1.000 1.527e-02 -7.666 -7.050 -6.186 -6.000 -5.926 -5.818 -5.547 -5.469 -5.401
0.0152 0.01508 7.00000 18.0349369049 2.6301889420   17.722  4.974  4.2517  2.671    1  0.000  0.545     0.00     0.00     0.00     0.00     0.00 -1 -5.11e-07      0.00 7.092e-01 2.755e-01 2.746e-03 7.408e-04 6.719e-03 -1.000 1.527e-02 -7.666 -7.095 -6.250 -6.069 -5.998 -5.895 -5.631 -5.557 -5.491
0.0152 0.01508 7.00000 18.0354976654 2.6301889420   17.723  4.974  4.2387  2.619    1  0.000  0.545     0.00     0.00     0.00     0.00     0.00 -1    -5e-07      0.00 7.092e-01 2.755e-01 2.746e-03 7.408e-04 6.719e-03 -1.000 1.527e-02 -7.666 -7.141 -6.317 -6.141 -6.074 -5.975 -5.720 -5.649 -5.586
0.0152 0.01508 7.00000 18.0360622406 2.6301891804   17.723  4.974  4.2250  2.565    1  0.000  0.545     0.00     0.00     0.00     0.00     0.00 -1 -4.81e-07      0.00 7.092e-01 2.755e-01 2.746e-03 7.408e-04 6.719e-03 -1.000 1.527e-02 -7.665 -7.188 -6.387 -6.217 -6.153 -6.060 -5.813 -5.746 -5.686
0.0152 0.01508 7.00000 18.0364418030 2.6301891804   17.724  4.973  4.2154  2.527    1  0.000  0.545     0.00     0.00     0.00     0.00     0.00 -1 -4.69e-07      0.00 7.092e-01 2.755e-01 2.746e-03 7.408e-04 6.719e-03 -1.000 1.527e-02 -7.664 -7.220 -6.436 -6.269 -6.209 -6.119 -5.879 -5.814 -5.756
0.0152 0.01508 7.00000 18.0368270874 2.6301894188   17.724  4.973  4.2052  2.487    1  0.000  0.545     0.00     0.00     0.00     0.00     0.00 -1 -4.56e-07      0.00 7.092e-01 2.755e-01 2.746e-03 7.408e-04 6.719e-03 -1.000 1.527e-02 -7.662 -7.252 -6.487 -6.324 -6.267 -6.181 -5.948 -5.886 -5.829
0.0152 0.01508 7.00000 18.0372142792 2.6301894188   17.724  4.972  4.1947  2.445    1  0.000  0.545     0.00     0.00     0.00     0.00     0.00 -1 -4.41e-07      0.00 7.092e-01 2.755e-01 2.746e-03 7.408e-04 6.719e-03 -1.000 1.527e-02 -7.660 -7.282 -6.540 -6.381 -6.326 -6.244 -6.019 -5.959 -5.904
0.0152 0.01508 7.00000 18.0376071930 2.6301896572   17.724  4.971  4.1835  2.402    1  0.000  0.545     0.00     0.00     0.00     0.00     0.00 -1 -4.31e-07      0.00 7.092e-01 2.755e-01 2.746e-03 7.408e-04 6.719e-03 -1.000 1.527e-02 -7.658 -7.314 -6.595 -6.441 -6.389 -6.311 -6.094 -6.037 -5.984
0.0152 0.01508 7.00000 18.0380039215 2.6301896572   17.724  4.970  4.1717  2.355    1  0.000  0.545     0.00     0.00     0.00     0.00     0.00 -1 -4.14e-07      0.00 7.092e-01 2.755e-01 2.746e-03 7.408e-04 6.719e-03 -1.000 1.527e-02 -7.655 -7.349 -6.652 -6.504 -6.456 -6.382 -6.173 -6.120 -6.069
0.0152 0.01508 7.00000 18.0384178162 2.6301896572   17.725  4.969  4.1588  2.305    1  0.000  0.545     0.00     0.00     0.00     0.00     0.00 -1 -4.02e-07      0.00 7.092e-01 2.755e-01 2.746e-03 7.408e-04 6.719e-03 -1.000 1.527e-02 -7.652 -7.392 -6.708 -6.570 -6.528 -6.461 -6.260 -6.211 -6.163
0.0152 0.01508 7.00000 18.0388412476 2.6301898956   17.725  4.967  4.1450  2.251    1  0.000  0.545     0.00     0.00     0.00     0.00     0.00 -1 -3.87e-07      0.00 7.092e-01 2.755e-01 2.746e-03 7.408e-04 6.719e-03 -1.000 1.527e-02 -7.648 -7.437 -6.769 -6.641 -6.605 -6.545 -6.354 -6.309 -6.263
0.0152 0.01508 7.00000 18.0392856598 2.6301898956   17.725  4.965  4.1295  2.191    1  0.000  0.545     0.00     0.00     0.00     0.00     0.00 -1 -3.66e-07      0.00 7.092e-01 2.755e-01 2.746e-03 7.408e-04 6.719e-03 -1.000 1.527e-02 -7.643 -7.471 -6.849 -6.725 -6.692 -6.636 -6.457 -6.415 -6.372
0.0152 0.01508 7.00000 18.0397567749 2.6301901340   17.726  4.963  4.1121  2.124    1  0.000  0.545     0.00     0.00     0.00     0.00     0.00 -1  -3.5e-07      0.00 7.092e-01 2.755e-01 2.746e-03 7.408e-04 6.719e-03 -1.000 1.527e-02 -7.637 -7.501 -6.944 -6.821 -6.788 -6.735 -6.572 -6.533 -6.493
0.0152 0.01508 7.00000 18.0400066376 2.6301901340   17.726  4.961  4.1024  2.087    1  0.000  0.545     0.00     0.00     0.00     0.00     0.00 -1 -9.95e-07      0.00 7.092e-01 2.755e-01 2.746e-03 7.408e-04 6.719e-03 -1.000 1.527e-02 -7.633 -7.521 -6.990 -6.871 -6.840 -6.791 -6.636 -6.599 -6.560
0.0152 0.01508 7.00000 18.0402736664 2.6301903725   17.725  4.960  4.0916  2.045    1  0.000  0.545     0.00     0.00     0.00     0.00     0.00 -1 -9.66e-07      0.00 7.092e-01 2.755e-01 2.746e-03 7.408e-04 6.719e-03 -1.000 1.527e-02 -7.629 -7.543 -7.041 -6.926 -6.898 -6.853 -6.706 -6.672 -6.635
0.0152 0.01508 7.00000 18.0405559540 2.6301903725   17.725  4.958  4.0796  1.999    1  0.000  0.545     0.00     0.00     0.00     0.00     0.00 -1 -9.32e-07      0.00 7.092e-01 2.755e-01 2.746e-03 7.408e-04 6.719e-03 -1.000 1.527e-02 -7.624 -7.566 -7.094 -6.985 -6.961 -6.920 -6.784 -6.753 -6.719
0.0152 0.01508 7.00000 18.0408744812 2.6301903725   17.725  4.955  4.0654  1.945    1  0.000  0.545     0.00     0.00     0.00     0.00     0.00 -1 -9.11e-07      0.00 7.092e-01 2.755e-01 2.746e-03 7.408e-04 6.719e-03 -1.000 1.527e-02 -7.619 -7.623 -7.122 -7.038 -7.030 -7.004 -6.876 -6.854 -6.823
0.0152 0.01508 7.00000 18.0412330627 2.6301906109   17.725  4.953  4.0484  1.879    1  0.000  0.545     0.00     0.00     0.00     0.00     0.00 -1 -1.22e-06      0.00 7.092e-01 2.755e-01 2.746e-03 7.408e-04 6.719e-03 -1.000 1.527e-02 -7.612 -7.644 -7.197 -7.120 -7.116 -7.096 -6.984 -6.967 -6.938
0.0152 0.01508 7.00000 18.0416316986 2.6301906109   17.724  4.949  4.0280  1.801    1  0.000  0.545     0.00     0.00     0.00     0.00     0.00 -1 -3.57e-06      0.00 7.092e-01 2.755e-01 2.746e-03 7.408e-04 6.719e-03 -1.000 1.527e-02 -7.604 -7.659 -7.283 -7.215 -7.215 -7.203 -7.111 -7.100 -7.075
0.0152 0.01508 7.00000 18.0420780182 2.6301908493   17.724  4.946  4.0031  1.705    1  0.000  0.545     0.00     0.00     0.00     0.00     0.00 -1 -3.33e-06      0.00 7.092e-01 2.755e-01 2.746e-03 7.408e-04 6.719e-03 -1.000 1.527e-02 -7.594 -7.662 -7.382 -7.324 -7.329 -7.326 -7.263 -7.259 -7.239
0.0152 0.01508 7.00000 18.0425777435 2.6301908493   17.723  4.941  3.9723  1.587    1  0.000  0.545     0.00     0.00     0.00     0.00     0.00 -1 -3.17e-06      0.00 7.092e-01 2.755e-01 2.746e-03 7.408e-04 6.719e-03 -1.000 1.527e-02 -7.583 -7.647 -7.495 -7.450 -7.459 -7.469 -7.447 -7.455 -7.441
0.0152 0.01508 7.00000 18.0431327820 2.6301910877   17.723  4.936  3.9343  1.440    1  0.000  0.545     0.00     0.00     0.00     0.00     0.00 -1 -2.88e-06      0.00 7.092e-01 2.755e-01 2.746e-03 7.408e-04 6.719e-03 -1.000 1.527e-02 -7.569 -7.624 -7.568 -7.570 -7.603 -7.642 -7.669 -7.697 -7.694
0.0152 0.01508 7.00000 18.0437450409 2.6301910877   17.722  4.928  3.8873  1.259    1  0.000  0.545     0.00     0.00     0.00     0.00     0.00 -1 -2.57e-06      0.00 7.092e-01 2.755e-01 2.746e-03 7.408e-04 6.719e-03 -1.000 1.527e-02 -7.551 -7.464 -7.599 -7.666 -7.734 -7.815 -7.931 -7.993 -8.007
0.0152 0.01508 7.00000 18.0443401337 2.6301913261   17.722  4.919  3.8354  1.061    1  0.000  0.545     0.00     0.00     0.00     0.00     0.00 -1 -2.22e-06      0.00 7.092e-01 2.755e-01 2.746e-03 7.408e-04 6.719e-03 -1.000 1.527e-02 -7.527 -7.135 -7.411 -7.652 -7.818 -7.982 -8.212 -8.344 -8.374
0.0152 0.01508 7.00000 18.0446147919 2.6301913261   17.722  4.912  3.8103  0.968    1  0.000  0.545     0.00     0.00     0.00     0.00     0.00 -1 -1.94e-06      0.00 7.092e-01 2.755e-01 2.746e-03 7.408e-04 6.719e-03 -1.000 1.527e-02 -7.509 -6.912 -7.239 -7.614 -7.844 -8.055 -8.342 -8.518 -8.555
0.0152 0.01508 7.00000 18.0447673798 2.6301915646   17.722  4.907  3.7964  0.917    1  0.000  0.545     0.00     0.00     0.00     0.00     0.00 -1 -1.81e-06      0.00 7.092e-01 2.755e-01 2.746e-03 7.408e-04 6.719e-03 -1.000 1.527e-02 -7.497 -6.762 -7.120 -7.583 -7.852 -8.091 -8.411 -8.615 -8.657
0.0152 0.01508 7.00000 18.0449390411 2.6301915646   17.722  4.900  3.7794  0.856    1  0.000  0.545     0.00     0.00     0.00     0.00     0.00 -1 -1.71e-06      0.00 7.092e-01 2.755e-01 2.746e-03 7.408e-04 6.719e-03 -1.000 1.527e-02 -7.481 -6.539 -6.960 -7.536 -7.856 -8.131 -8.492 -8.730 -8.779
0.0152 0.01508 7.00000 18.0451316833 2.6301915646   17.722  4.892  3.7598  0.786    1  0.000  0.545     0.00     0.00     0.00     0.00     0.00 -1 -1.58e-06      0.00 7.092e-01 2.755e-01 2.746e-03 7.408e-04 6.719e-03 -1.000 1.527e-02 -7.459 -6.236 -6.747 -7.460 -7.843 -8.165 -8.580 -8.865 -8.921
0.0152 0.01508 7.00000 18.0453453064 2.6301915646   17.722  4.882  3.7374  0.706    1  0.000  0.545     0.00     0.00     0.00     0.00     0.00 -1 -1.45e-06      0.00 7.092e-01 2.755e-01 2.746e-03 7.408e-04 6.719e-03 -1.000 1.527e-02 -7.435 -5.816 -6.493 -7.361 -7.814 -8.182 -8.664 -9.005 -9.069
0.0152 0.01508 7.00000 18.0455875397 2.6301918030   17.722  4.868  3.7130  0.623    1  0.000  0.545     0.00     0.00     0.00     0.00     0.00 -1 -1.25e-06      0.00 7.092e-01 2.755e-01 2.746e-03 7.408e-04 6.719e-03 -1.000 1.527e-02 -7.399 -5.363 -6.213 -7.226 -7.746 -8.163 -8.725 -9.135 -9.202
0.0152 0.01508 7.00000 18.0458545685 2.6301918030   17.722  4.847  3.6882  0.545    1  0.000  0.545     0.00     0.00     0.00     0.00     0.00 -1 -1.02e-06      0.00 7.092e-01 2.755e-01 2.746e-03 7.408e-04 6.719e-03 -1.000 1.527e-02 -7.347 -4.816 -5.901 -7.053 -7.640 -8.104 -8.761 -9.241 -9.318
0.0152 0.01508 7.00000 18.0461559296 2.6301918030   17.722  4.818  3.6632  0.474    1  0.000  0.545     0.00     0.00     0.00     0.00     0.00 -1 -8.63e-07      0.00 7.092e-01 2.755e-01 2.746e-03 7.408e-04 6.719e-03 -1.000 1.527e-02 -7.274 -4.139 -5.516 -6.849 -7.504 -8.005 -8.771 -9.290 -9.403
0.0152 0.01508 7.00000 18.0464820862 2.6301920414   17.722  4.792  3.6397  0.405    1  0.000  0.545     0.00     0.00     0.00     0.00     0.00 -1 -6.94e-07      0.00 7.092e-01 2.755e-01 2.746e-03 7.408e-04 6.719e-03 -1.000 1.527e-02 -7.211 -3.384 -5.123 -6.606 -7.335 -7.897 -8.769 -9.341 -9.488
0.0152 0.01508 7.00000 18.0471706390 2.6301920414   17.722  4.739  3.6082  0.333    1  0.000  0.545     0.00     0.00     0.00     0.00     0.00 -1 -4.91e-07      0.00 7.092e-01 2.755e-01 2.745e-03 7.408e-04 6.719e-03 -1.000 1.527e-02 -7.077 -2.337 -4.504 -6.152 -7.001 -7.679 -8.694 -9.362 -9.550
0.0152 0.01508 7.00000 18.0475387573 2.6301922798   17.723  4.742  3.5994  0.294    1  0.000  0.544     0.00     0.00     0.00     0.00     0.00 -1 -4.47e-07      0.00 7.092e-01 2.755e-01 2.740e-03 7.415e-04 6.719e-03 -1.000 1.527e-02 -7.086 -2.099 -4.358 -6.049 -6.938 -7.661 -8.718 -9.414 -9.615
0.0152 0.01508 7.00000 18.0479335785 2.6301922798   17.723  4.766  3.5896  0.231    1  0.000  0.521     0.00     0.00     0.00     0.00     0.00 -1  -4.3e-07      0.00 7.091e-01 2.755e-01 2.610e-03 8.595e-04 6.719e-03 -1.000 1.531e-02 -7.145 -1.895 -4.234 -5.968 -6.904 -7.689 -8.796 -9.523 -9.737
0.0152 0.01508 7.00000 18.0482482910 2.6301925182   17.723  4.826  3.5810  0.137    1  0.000  0.494     0.00     0.00     0.00     0.00     0.00 -1 -4.85e-07      0.00 6.948e-01 2.899e-01 2.344e-03 1.494e-03 6.344e-03 -1.000 1.534e-02 -7.295 -1.806 -4.200 -5.972 -6.954 -7.811 -8.965 -9.714 -9.943
0.0152 0.01508 7.00000 18.0484695435 2.6301925182   17.723  4.861  3.5756  0.080    1  0.000  0.481     0.00     0.00     0.00     0.00     0.00 -1 -5.91e-07      0.00 6.885e-01 2.962e-01 2.231e-03 1.763e-03 6.183e-03 -1.000 1.531e-02 -7.383 -1.759 -4.161 -5.948 -6.963 -7.877 -9.065 -9.829 -10.066
0.0152 0.01508 7.00000 18.0488891602 2.6301925182   17.723  4.915  3.5672 -0.007    1  0.000  0.454     0.00     0.00     0.00     0.00     0.00 -1 -7.57e-07      0.00 6.831e-01 3.016e-01 2.065e-03 2.059e-03 6.053e-03 -1.000 1.530e-02 -7.517 -1.696 -4.085 -5.886 -6.958 -7.976 -9.221 -10.005 -10.256
0.0152 0.01508 7.00000 18.0690383911 2.6301980019   17.721  5.013  3.5563 -0.149    1  0.000  0.408     0.00     0.00     0.00     0.00     0.00 -1 -1.49e-06      0.00 6.516e-01 3.330e-01 1.643e-03 3.162e-03 5.367e-03 -1.000 1.537e-02 -7.762 -1.684 -4.003 -5.805 -6.973 -8.164 -9.498 -10.305 -10.574
0.0152 0.01508 7.00000 18.1000652313 2.6302063465   17.721  4.976  3.5612 -0.093    1  0.000  0.408     0.00     0.00     0.00     0.00     0.00 -1  -1.3e-06      0.00 6.511e-01 3.336e-01 1.638e-03 3.177e-03 5.356e-03 -1.000 1.537e-02 -7.670 -1.699 -4.064 -5.873 -6.994 -8.101 -9.391 -10.188 -10.449
0.0152 0.01508 7.00000 18.1502113342 2.6302196980   17.730  4.939  3.5670 -0.032    1  0.000  0.408     0.00     0.00     0.00     0.00     0.00 -1 -1.07e-06      0.00 6.510e-01 3.336e-01 1.640e-03 3.175e-03 5.357e-03 -1.000 1.537e-02 -7.577 -1.734 -4.133 -5.940 -7.015 -8.036 -9.283 -10.066 -10.318
0.0152 0.01508 7.00000 18.2794494629 2.6302537918   17.762  4.930  3.5747  0.009    1  0.000  0.409     0.00     0.00     0.00     0.00     0.00 -1 -1.03e-06      0.00 6.509e-01 3.338e-01 1.644e-03 3.169e-03 5.358e-03 -1.000 1.536e-02 -7.555 -1.856 -4.292 -6.096 -7.122 -8.047 -9.242 -10.004 -10.245
0.0152 0.01508 7.00000 18.3313808441 2.6302673817   17.772  4.981  3.5822 -0.012    1  0.000  0.409     0.00     0.00     0.00     0.00     0.00 -1  -1.3e-06      0.00 6.508e-01 3.338e-01 1.645e-03 3.167e-03 5.358e-03 -1.000 1.536e-02 -7.682 -2.085 -4.560 -6.366 -7.354 -8.204 -9.357 -10.092 -10.324
0.0152 0.01508 7.00000 18.3397293091 2.6302695274   17.771  5.046  3.6516  0.200    1  0.000  0.409     0.00     0.00     0.00     0.00     0.00 -1 -2.12e-06      0.00 6.508e-01 3.338e-01 1.645e-03 3.166e-03 5.358e-03 -1.000 1.536e-02 -7.845 -4.187 -5.863 -7.327 -8.031 -8.564 -9.388 -9.917 -10.052
0.0152 0.01508 7.00000 18.3437862396 2.6302707195   17.766  5.054  3.7817  0.712    1  0.000  0.409     0.00     0.00     0.00     0.00     0.00 -1 -3.09e-06      0.00 6.508e-01 3.338e-01 1.645e-03 3.166e-03 5.358e-03 -1.000 1.536e-02 -7.866 -6.944 -7.371 -7.930 -8.241 -8.509 -8.863 -9.091 -9.140
0.0152 0.01508 7.00000 18.3458919525 2.6302711964   17.762  5.060  3.8164  0.846    1  0.000  0.409     0.00     0.00     0.00     0.00     0.00 -1 -3.49e-06      0.00 6.508e-01 3.338e-01 1.646e-03 3.166e-03 5.358e-03 -1.000 1.536e-02 -7.879 -7.342 -7.660 -7.993 -8.203 -8.401 -8.671 -8.833 -8.869
0.0152 0.01508 7.00000 18.3468379974 2.6302714348   17.760  5.064  3.8304  0.897    1  0.000  0.409     0.00     0.00     0.00     0.00     0.00 -1 -3.73e-06      0.00 6.508e-01 3.338e-01 1.646e-03 3.166e-03 5.358e-03 -1.000 1.536e-02 -7.891 -7.470 -7.759 -8.016 -8.191 -8.363 -8.601 -8.738 -8.771
0.0152 0.01508 7.00000 18.3472862244 2.6302716732   17.759  5.066  3.8381  0.925    1  0.000  0.409     0.00     0.00     0.00     0.00     0.00 -1 -3.81e-06      0.00 6.508e-01 3.338e-01 1.646e-03 3.166e-03 5.358e-03 -1.000 1.536e-02 -7.896 -7.531 -7.802 -8.026 -8.182 -8.340 -8.561 -8.686 -8.717
0.0152 0.01508 7.00000 18.3477096558 2.6302716732   17.758  5.068  3.8478  0.962    1  0.000  0.409     0.00     0.00     0.00     0.00     0.00 -1 -3.95e-06      0.00 6.508e-01 3.338e-01 1.646e-03 3.166e-03 5.358e-03 -1.000 1.536e-02 -7.901 -7.603 -7.851 -8.034 -8.169 -8.310 -8.509 -8.620 -8.647
0.0152 0.01508 7.00000 18.3478870392 2.6302716732   17.758  5.069  3.8527  0.981    1  0.000  0.409     0.00     0.00     0.00     0.00     0.00 -1 -3.62e-06      0.00 6.508e-01 3.338e-01 1.646e-03 3.166e-03 5.358e-03 -1.000 1.536e-02 -7.903 -7.637 -7.873 -8.037 -8.161 -8.293 -8.481 -8.585 -8.610
0.0152 0.01508 7.00000 18.3480834961 2.6302719116   17.758  5.070  3.8590  1.006    1  0.000  0.409     0.00     0.00     0.00     0.00     0.00 -1 -3.04e-06      0.00 6.508e-01 3.338e-01 1.646e-03 3.166e-03 5.358e-03 -1.000 1.536e-02 -7.904 -7.678 -7.899 -8.039 -8.150 -8.271 -8.446 -8.541 -8.564
0.0152 0.01508 7.00000 18.3483047485 2.6302719116   17.758  5.070  3.8677  1.040    1  0.000  0.409     0.00     0.00     0.00     0.00     0.00 -1  -2.5e-06      0.00 6.508e-01 3.338e-01 1.646e-03 3.166e-03 5.358e-03 -1.000 1.536e-02 -7.905 -7.730 -7.923 -8.036 -8.132 -8.240 -8.395 -8.479 -8.499
0.0152 0.01508 7.00000 18.3485507965 2.6302719116   17.758  5.069  3.8800  1.091    1  0.000  0.409     0.00     0.00     0.00     0.00     0.00 -1 -2.01e-06      0.00 6.508e-01 3.338e-01 1.646e-03 3.166e-03 5.358e-03 -1.000 1.536e-02 -7.902 -7.792 -7.943 -8.025 -8.102 -8.192 -8.321 -8.390 -8.407
0.0152 0.01508 7.00000 18.3488254547 2.6302719116   17.758  5.067  3.8936  1.146    1  0.000  0.409     0.00     0.00     0.00     0.00     0.00 -1 -1.58e-06      0.00 6.508e-01 3.338e-01 1.646e-03 3.166e-03 5.358e-03 -1.000 1.536e-02 -7.899 -7.849 -7.944 -8.004 -8.066 -8.140 -8.239 -8.295 -8.306
0.0152 0.01508 7.00000 18.3491344452 2.6302721500   17.758  5.067  3.9066  1.199    1  0.000  0.409     0.00     0.00     0.00     0.00     0.00 -1 -1.32e-06      0.00 6.508e-01 3.338e-01 1.646e-03 3.166e-03 5.358e-03 -1.000 1.536e-02 -7.896 -7.891 -7.923 -7.972 -8.027 -8.091 -8.162 -8.208 -8.214
0.0152 0.01508 7.00000 18.3494777679 2.6302721500   17.758  5.066  3.9188  1.249    1  0.000  0.409     0.00     0.00     0.00     0.00     0.00 -1 -1.36e-06      0.00 6.508e-01 3.338e-01 1.646e-03 3.166e-03 5.358e-03 -1.000 1.536e-02 -7.895 -7.921 -7.906 -7.938 -7.986 -8.039 -8.088 -8.126 -8.128
0.0152 0.01508 7.00000 18.3498630524 2.6302721500   17.758  5.065  3.9311  1.299    1  0.000  0.409     0.00     0.00     0.00     0.00     0.00 -1  -1.4e-06      0.00 6.508e-01 3.338e-01 1.646e-03 3.166e-03 5.358e-03 -1.000 1.536e-02 -7.893 -7.943 -7.903 -7.906 -7.939 -7.979 -8.013 -8.042 -8.040
0.0152 0.01508 7.00000 18.3502922058 2.6302723885   17.758  5.064  3.9436  1.349    1  0.000  0.409     0.00     0.00     0.00     0.00     0.00 -1 -1.44e-06      0.00 6.508e-01 3.338e-01 1.646e-03 3.166e-03 5.358e-03 -1.000 1.536e-02 -7.891 -7.959 -7.856 -7.855 -7.888 -7.923 -7.934 -7.958 -7.952
0.0152 0.01508 7.00000 18.3507747650 2.6302723885   17.757  5.064  3.9558  1.399    1  0.000  0.409     0.00     0.00     0.00     0.00     0.00 -1 -1.48e-06      0.00 6.508e-01 3.338e-01 1.646e-03 3.166e-03 5.358e-03 -1.000 1.536e-02 -7.889 -7.963 -7.822 -7.809 -7.835 -7.862 -7.856 -7.874 -7.865
0.0152 0.01508 7.00000 18.3513107300 2.6302726269   17.757  5.062  3.9681  1.449    1  0.000  0.409     0.00     0.00     0.00     0.00     0.00 -1 -1.52e-06      0.00 6.508e-01 3.338e-01 1.646e-03 3.166e-03 5.358e-03 -1.000 1.536e-02 -7.886 -7.951 -7.808 -7.769 -7.781 -7.794 -7.777 -7.787 -7.774
0.0152 0.01508 7.00000 18.3519134521 2.6302728653   17.756  5.061  3.9808  1.501    1  0.000  0.409     0.00     0.00     0.00     0.00     0.00 -1 -1.56e-06      0.00 6.508e-01 3.338e-01 1.646e-03 3.166e-03 5.358e-03 -1.000 1.536e-02 -7.883 -7.950 -7.762 -7.713 -7.721 -7.727 -7.694 -7.698 -7.682
0.0152 0.01508 7.00000 18.3525867462 2.6302728653   17.755  5.060  3.9925  1.550    1  0.000  0.409     0.00     0.00     0.00     0.00     0.00 -1  -1.6e-06      0.00 6.508e-01 3.338e-01 1.646e-03 3.166e-03 5.358e-03 -1.000 1.536e-02 -7.880 -7.949 -7.712 -7.658 -7.664 -7.665 -7.616 -7.615 -7.597
0.0152 0.01508 7.00000 18.3533401489 2.6302731037   17.755  5.058  4.0037  1.596    1  0.000  0.409     0.00     0.00     0.00     0.00     0.00 -1 -1.64e-06      0.00 6.508e-01 3.338e-01 1.646e-03 3.166e-03 5.358e-03 -1.000 1.536e-02 -7.876 -7.943 -7.661 -7.602 -7.607 -7.604 -7.540 -7.536 -7.515
0.0152 0.01508 7.00000 18.3541793823 2.6302733421   17.754  5.056  4.0144  1.641    1  0.000  0.409     0.00     0.00     0.00     0.00     0.00 -1 -1.68e-06      0.00 6.508e-01 3.338e-01 1.646e-03 3.166e-03 5.358e-03 -1.000 1.536e-02 -7.871 -7.935 -7.611 -7.548 -7.550 -7.543 -7.467 -7.459 -7.436
0.0152 0.01508 7.00000 18.3551177979 2.6302735806   17.753  5.054  4.0245  1.683    1  0.000  0.409     0.00     0.00     0.00     0.00     0.00 -1  -1.7e-06      0.00 6.508e-01 3.338e-01 1.646e-03 3.166e-03 5.358e-03 -1.000 1.536e-02 -7.866 -7.923 -7.561 -7.494 -7.495 -7.484 -7.396 -7.386 -7.361
0.0152 0.01508 7.00000 18.3561687469 2.6302738190   17.751  5.052  4.0330  1.719    1  0.000  0.409     0.00     0.00     0.00     0.00     0.00 -1 -1.72e-06      0.00 6.508e-01 3.339e-01 1.646e-03 3.166e-03 5.358e-03 -1.000 1.536e-02 -7.861 -7.911 -7.518 -7.447 -7.446 -7.432 -7.335 -7.322 -7.296
0.0152 0.01508 7.00000 18.3573436737 2.6302742958   17.750  5.051  4.0396  1.747    1  0.000  0.409     0.00     0.00     0.00     0.00     0.00 -1 -1.75e-06      0.00 6.508e-01 3.339e-01 1.646e-03 3.166e-03 5.358e-03 -1.000 1.536e-02 -7.857 -7.900 -7.483 -7.410 -7.408 -7.391 -7.288 -7.273 -7.246
0.0152 0.01508 7.00000 18.3586578369 2.6302745342   17.748  5.049  4.0452  1.771    1  0.000  0.409     0.00     0.00     0.00     0.00     0.00 -1 -1.76e-06      0.00 6.508e-01 3.339e-01 1.646e-03 3.166e-03 5.358e-03 -1.000 1.536e-02 -7.853 -7.889 -7.453 -7.377 -7.374 -7.356 -7.246 -7.230 -7.202
0.0152 0.01508 7.00000 18.3601245880 2.6302750111   17.748  5.048  4.0496  1.790    1  0.000  0.410     0.00     0.00     0.00     0.00     0.00 -1 -7.26e-07      0.00 6.508e-01 3.339e-01 1.646e-03 3.165e-03 5.358e-03 -1.000 1.536e-02 -7.849 -7.879 -7.429 -7.351 -7.347 -7.327 -7.213 -7.195 -7.167
0.0152 0.01508 7.00000 18.3617668152 2.6302752495   17.749  5.046  4.0531  1.805    1  0.000  0.410     0.00     0.00     0.00     0.00     0.00 -1 -7.27e-07      0.00 6.508e-01 3.339e-01 1.646e-03 3.165e-03 5.358e-03 -1.000 1.536e-02 -7.846 -7.871 -7.409 -7.330 -7.325 -7.303 -7.186 -7.168 -7.139
0.0152 0.01508 7.00000 18.3656520844 2.6302764416   17.751  5.044  4.0573  1.824    1  0.000  0.410     0.00     0.00     0.00     0.00     0.00 -1 -7.36e-07      0.00 6.508e-01 3.339e-01 1.646e-03 3.165e-03 5.358e-03 -1.000 1.536e-02 -7.841 -7.859 -7.384 -7.303 -7.297 -7.274 -7.153 -7.133 -7.103
0.0152 0.01508 7.00000 18.4571952820 2.6303000450   17.785  5.043  4.0309  1.721    1  0.000  0.410     0.00     0.00     0.00     0.00     0.00 -1  -7.7e-07      0.00 6.507e-01 3.340e-01 1.649e-03 3.161e-03 5.359e-03 -1.000 1.536e-02 -7.838 -7.890 -7.504 -7.434 -7.434 -7.421 -7.326 -7.313 -7.288
0.0152 0.01508 7.00000 18.6711673737 2.6303541660   17.851  5.045  3.9578  1.428    1  0.000  0.412     0.00     0.00     0.00     0.00     0.00 -1 -8.61e-07      0.00 6.504e-01 3.342e-01 1.655e-03 3.152e-03 5.361e-03 -1.000 1.536e-02 -7.843 -7.916 -7.774 -7.756 -7.781 -7.805 -7.798 -7.814 -7.804
0.0152 0.01508 7.00000 18.6801471710 2.6303563118   17.853  5.045  3.9548  1.416    1  0.000  0.412     0.00     0.00     0.00     0.00     0.00 -1 -8.65e-07      0.00 6.504e-01 3.342e-01 1.655e-03 3.151e-03 5.361e-03 -1.000 1.536e-02 -7.843 -7.917 -7.778 -7.766 -7.794 -7.822 -7.817 -7.835 -7.826
0.0152 0.01508 7.00000 18.7611141205 2.6303763390   17.869  5.047  3.9247  1.294    2  0.000  0.412     0.00     0.00     0.00     0.00     0.00 -1 -9.08e-07      0.00 6.503e-01 3.343e-01 1.658e-03 3.148e-03 5.361e-03 -1.000 1.535e-02 -7.848 -7.886 -7.863 -7.878 -7.918 -7.964 -8.006 -8.040 -8.040
0.0152 0.01508 7.00000 18.8130340576 2.6303892136   17.877  5.048  3.9040  1.210    2  0.000  0.413     0.00     0.00     0.00     0.00     0.00 -1 -9.24e-07      0.00 6.503e-01 3.344e-01 1.659e-03 3.145e-03 5.362e-03 -1.000 1.535e-02 -7.851 -7.836 -7.884 -7.934 -7.990 -8.055 -8.132 -8.180 -8.187
0.0152 0.01508 7.00000 18.8549423218 2.6303994656   17.883  5.050  3.8866  1.139    2  0.000  0.413     0.00     0.00     0.00     0.00     0.00 -1  -9.4e-07      0.00 6.502e-01 3.344e-01 1.660e-03 3.143e-03 5.362e-03 -1.000 1.535e-02 -7.854 -7.773 -7.900 -7.970 -8.039 -8.121 -8.235 -8.298 -8.312
0.0152 0.01508 7.00000 18.8782672882 2.6304051876   17.873  5.050  3.8758  1.096    2  0.000  0.413     0.00     0.00     0.00     0.00     0.00 -1 -1.73e-06      0.00 6.502e-01 3.344e-01 1.661e-03 3.142e-03 5.362e-03 -1.000 1.535e-02 -7.854 -7.721 -7.887 -7.980 -8.063 -8.160 -8.298 -8.372 -8.390
0.0152 0.01508 7.00000 18.8924484253 2.6304085255   17.858  5.050  3.8680  1.064    2  0.000  0.413     0.00     0.00     0.00     0.00     0.00 -1 -1.71e-06      0.00 6.502e-01 3.344e-01 1.661e-03 3.142e-03 5.362e-03 -1.000 1.535e-02 -7.854 -7.679 -7.872 -7.985 -8.081 -8.188 -8.343 -8.427 -8.447
0.0152 0.01508 7.00000 18.9054946899 2.6304116249   17.845  5.049  3.8606  1.034    2  0.000  0.413     0.00     0.00     0.00     0.00     0.00 -1  -1.7e-06      0.00 6.502e-01 3.345e-01 1.662e-03 3.141e-03 5.363e-03 -1.000 1.535e-02 -7.854 -7.636 -7.853 -7.988 -8.097 -8.215 -8.387 -8.479 -8.502
0.0152 0.01508 7.00000 18.9155330658 2.6304140091   17.836  5.050  3.8549  1.011    2  0.000  0.413     0.00     0.00     0.00     0.00     0.00 -1  -1.7e-06      0.00 6.502e-01 3.345e-01 1.662e-03 3.141e-03 5.363e-03 -1.000 1.535e-02 -7.854 -7.600 -7.832 -7.988 -8.108 -8.236 -8.421 -8.521 -8.546
0.0152 0.01508 7.00000 18.9183731079 2.6304147243   17.834  5.050  3.8532  1.004    2  0.000  0.413     0.00     0.00     0.00     0.00     0.00 -1 -1.69e-06      0.00 6.502e-01 3.345e-01 1.662e-03 3.141e-03 5.363e-03 -1.000 1.535e-02 -7.854 -7.590 -7.825 -7.988 -8.112 -8.243 -8.431 -8.534 -8.559
0.0152 0.01508 7.00000 18.9330368042 2.6304183006   17.821  5.050  3.8446  0.969    2  0.000  0.413     0.00     0.00     0.00     0.00     0.00 -1 -1.67e-06      0.00 6.502e-01 3.345e-01 1.663e-03 3.140e-03 5.363e-03 -1.000 1.535e-02 -7.855 -7.533 -7.790 -7.986 -8.129 -8.275 -8.482 -8.598 -8.626
0.0152 0.01508 7.00000 18.9446792603 2.6304211617   17.811  5.050  3.8377  0.941    3  0.000  0.413     0.00     0.00     0.00     0.00     0.00 -1 -1.66e-06      0.00 6.501e-01 3.345e-01 1.663e-03 3.139e-03 5.363e-03 -1.000 1.535e-02 -7.856 -7.487 -7.759 -7.985 -8.143 -8.301 -8.523 -8.650 -8.680
0.0152 0.01508 7.00000 18.9538307190 2.6304233074   17.804  5.051  3.8322  0.919    3  0.000  0.413     0.00     0.00     0.00     0.00     0.00 -1 -1.65e-06      0.00 6.501e-01 3.345e-01 1.663e-03 3.139e-03 5.363e-03 -1.000 1.535e-02 -7.856 -7.447 -7.732 -7.982 -8.153 -8.322 -8.556 -8.691 -8.723
0.0152 0.01508 7.00000 18.9650707245 2.6304261684   17.796  5.051  3.8253  0.891    3  0.000  0.414     0.00     0.00     0.00     0.00     0.00 -1 -1.64e-06      0.00 6.501e-01 3.345e-01 1.664e-03 3.139e-03 5.363e-03 -1.000 1.535e-02 -7.857 -7.394 -7.693 -7.978 -8.166 -8.348 -8.598 -8.744 -8.778
0.0152 0.01508 7.00000 18.9739055634 2.6304283142   17.790  5.051  3.8197  0.868    2  0.000  0.414     0.00     0.00     0.00     0.00     0.00 -1 -1.63e-06      0.00 6.501e-01 3.345e-01 1.664e-03 3.138e-03 5.363e-03 -1.000 1.535e-02 -7.858 -7.348 -7.659 -7.974 -8.176 -8.368 -8.631 -8.788 -8.823
0.0152 0.01508 7.00000 18.9825954437 2.6304302216   17.784  5.051  3.8140  0.845    3  0.000  0.414     0.00     0.00     0.00     0.00     0.00 -1 -1.62e-06      0.00 6.501e-01 3.345e-01 1.664e-03 3.138e-03 5.363e-03 -1.000 1.535e-02 -7.858 -7.300 -7.623 -7.970 -8.186 -8.389 -8.665 -8.832 -8.869
0.0152 0.01508 7.00000 18.9911403656 2.6304323673   17.779  5.052  3.8083  0.821    3  0.000  0.414     0.00     0.00     0.00     0.00     0.00 -1 -1.62e-06      0.00 6.501e-01 3.346e-01 1.664e-03 3.137e-03 5.363e-03 -1.000 1.535e-02 -7.859 -7.242 -7.582 -7.965 -8.197 -8.411 -8.701 -8.877 -8.916
0.0152 0.01508 7.00000 18.9995384216 2.6304342747   17.774  5.052  3.8025  0.798    3  0.000  0.414     0.00     0.00     0.00     0.00     0.00 -1  -1.6e-06      0.00 6.501e-01 3.346e-01 1.665e-03 3.137e-03 5.363e-03 -1.000 1.535e-02 -7.860 -7.184 -7.539 -7.959 -8.207 -8.432 -8.735 -8.923 -8.963
0.0152 0.01508 7.00000 19.0057411194 2.6304359436   17.771  5.052  3.7982  0.780    3  0.000  0.414     0.00     0.00     0.00     0.00     0.00 -1  -1.6e-06      0.00 6.501e-01 3.346e-01 1.665e-03 3.137e-03 5.363e-03 -1.000 1.535e-02 -7.860 -7.139 -7.505 -7.953 -8.214 -8.448 -8.761 -8.957 -8.999
0.0152 0.01508 7.00000 19.0118598938 2.6304373741   17.768  5.052  3.7937  0.762    3  0.000  0.414     0.00     0.00     0.00     0.00     0.00 -1 -1.59e-06      0.00 6.501e-01 3.346e-01 1.665e-03 3.136e-03 5.363e-03 -1.000 1.535e-02 -7.860 -7.088 -7.468 -7.946 -8.220 -8.463 -8.788 -8.992 -9.037
0.0152 0.01508 7.00000 19.0178928375 2.6304388046   17.764  5.052  3.7892  0.744    3  0.000  0.414     0.00     0.00     0.00     0.00     0.00 -1 -1.59e-06      0.00 6.501e-01 3.346e-01 1.665e-03 3.136e-03 5.363e-03 -1.000 1.535e-02 -7.861 -7.035 -7.431 -7.939 -8.227 -8.479 -8.814 -9.028 -9.074
0.0152 0.01508 7.00000 19.0238418579 2.6304402351   17.761  5.052  3.7846  0.726    3  0.000  0.414     0.00     0.00     0.00     0.00     0.00 -1 -1.57e-06      0.00 6.501e-01 3.346e-01 1.665e-03 3.136e-03 5.363e-03 -1.000 1.535e-02 -7.861 -6.977 -7.392 -7.931 -8.233 -8.494 -8.841 -9.064 -9.111
0.0152 0.01508 7.00000 19.0297031403 2.6304416656   17.759  5.053  3.7801  0.707    3  0.000  0.414     0.00     0.00     0.00     0.00     0.00 -1 -1.57e-06      0.00 6.501e-01 3.346e-01 1.665e-03 3.136e-03 5.364e-03 -1.000 1.535e-02 -7.862 -6.918 -7.352 -7.923 -8.239 -8.510 -8.868 -9.100 -9.149
0.0152 0.01508 7.00000 19.0354747772 2.6304428577   17.754  5.053  3.7753  0.688    3  0.000  0.414     0.00     0.00     0.00     0.00     0.00 -1 -1.84e-06      0.00 6.501e-01 3.346e-01 1.666e-03 3.135e-03 5.364e-03 -1.000 1.535e-02 -7.862 -6.849 -7.304 -7.910 -8.242 -8.525 -8.896 -9.139 -9.190
0.0152 0.01508 7.00000 19.0411605835 2.6304442883   17.748  5.053  3.7704  0.668    3  0.000  0.414     0.00     0.00     0.00     0.00     0.00 -1 -2.39e-06      0.00 6.500e-01 3.346e-01 1.666e-03 3.135e-03 5.364e-03 -1.000 1.535e-02 -7.862 -6.777 -7.253 -7.896 -8.245 -8.541 -8.926 -9.181 -9.234
0.0152 0.01508 7.00000 19.0467567444 2.6304457188   17.742  5.053  3.7654  0.648    3  0.000  0.414     0.00     0.00     0.00     0.00     0.00 -1 -3.05e-06      0.00 6.500e-01 3.346e-01 1.666e-03 3.135e-03 5.364e-03 -1.000 1.535e-02 -7.861 -6.704 -7.205 -7.882 -8.247 -8.554 -8.952 -9.219 -9.274
0.0152 0.01508 7.00000 19.0488185883 2.6304461956   17.739  5.053  3.7633  0.639    3  0.000  0.414     0.00     0.00     0.00     0.00     0.00 -1 -3.05e-06      0.00 6.500e-01 3.346e-01 1.666e-03 3.135e-03 5.364e-03 -1.000 1.535e-02 -7.862 -6.673 -7.186 -7.876 -8.248 -8.560 -8.964 -9.235 -9.290
0.0152 0.01508 7.00000 19.0597953796 2.6304488182   17.723  5.053  3.7510  0.590    3  0.000  0.414     0.00     0.00     0.00     0.00     0.00 -1 -2.98e-06      0.00 6.500e-01 3.346e-01 1.666e-03 3.134e-03 5.364e-03 -1.000 1.535e-02 -7.863 -6.487 -7.067 -7.840 -8.249 -8.587 -9.025 -9.325 -9.385
0.0152 0.01508 7.00000 19.0719280243 2.6304516792   17.708  5.053  3.7342  0.522    3  0.000  0.414     0.00     0.00     0.00     0.00     0.00 -1 -2.89e-06      0.00 6.500e-01 3.346e-01 1.667e-03 3.134e-03 5.364e-03 -1.000 1.535e-02 -7.863 -6.199 -6.897 -7.781 -8.239 -8.614 -9.103 -9.447 -9.513
0.0152 0.01508 7.00000 19.0814495087 2.6304538250   17.697  5.052  3.7154  0.447    3  0.000  0.414     0.00     0.00     0.00     0.00     0.00 -1 -2.72e-06      0.00 6.500e-01 3.347e-01 1.667e-03 3.133e-03 5.364e-03 -1.000 1.535e-02 -7.860 -5.849 -6.695 -7.700 -8.214 -8.626 -9.178 -9.575 -9.643
0.0152 0.01508 7.00000 19.0909042358 2.6304562092   17.687  5.044  3.6917  0.360    3  0.000  0.414     0.00     0.00     0.00     0.00     0.00 -1 -2.47e-06      0.00 6.500e-01 3.347e-01 1.667e-03 3.133e-03 5.364e-03 -1.000 1.535e-02 -7.840 -5.321 -6.407 -7.562 -8.146 -8.606 -9.247 -9.710 -9.786
0.0152 0.01508 7.00000 19.0999698639 2.6304583549   17.680  5.033  3.6807  0.328    3  0.000  0.414     0.00     0.00     0.00     0.00     0.00 -1 -2.24e-06      0.00 6.500e-01 3.347e-01 1.667e-03 3.133e-03 5.364e-03 -1.000 1.535e-02 -7.812 -5.042 -6.251 -7.478 -8.093 -8.570 -9.258 -9.745 -9.832
0.0152 0.01508 7.00000 19.1066551208 2.6304597855   17.675  5.041  3.6755  0.298    3  0.000  0.413     0.00     0.00     0.00     0.00     0.00 -1 -2.31e-06      0.00 6.500e-01 3.347e-01 1.663e-03 3.135e-03 5.364e-03 -1.000 1.535e-02 -7.834 -4.922 -6.202 -7.472 -8.102 -8.587 -9.298 -9.794 -9.888
0.0152 0.01508 7.00000 19.1142787933 2.6304616928   17.668  5.043  3.6710  0.278    3  0.000  0.413     0.00     0.00     0.00     0.00     0.00 -1 -2.31e-06      0.00 6.500e-01 3.347e-01 1.662e-03 3.135e-03 5.364e-03 -1.000 1.535e-02 -7.838 -4.788 -6.140 -7.451 -8.095 -8.588 -9.320 -9.820 -9.922
0.0152 0.01508 7.00000 19.1219120026 2.6304636002   17.663  5.045  3.6662  0.257    3  0.000  0.413     0.00     0.00     0.00     0.00     0.00 -1 -2.31e-06      0.00 6.500e-01 3.347e-01 1.662e-03 3.135e-03 5.364e-03 -1.000 1.535e-02 -7.842 -4.643 -6.074 -7.426 -8.086 -8.586 -9.342 -9.847 -9.957
0.0152 0.01508 7.00000 19.1292304993 2.6304652691   17.658  5.046  3.6614  0.236    3  0.000  0.413     0.00     0.00     0.00     0.00     0.00 -1  -2.3e-06      0.00 6.500e-01 3.347e-01 1.662e-03 3.135e-03 5.364e-03 -1.000 1.535e-02 -7.846 -4.492 -6.005 -7.400 -8.074 -8.583 -9.362 -9.872 -9.992
0.0152 0.01508 7.00000 19.1361503601 2.6304669380   17.653  5.048  3.6564  0.215    3  0.000  0.413     0.00     0.00     0.00     0.00     0.00 -1 -2.29e-06      0.00 6.499e-01 3.347e-01 1.661e-03 3.135e-03 5.364e-03 -1.000 1.535e-02 -7.849 -4.335 -5.934 -7.368 -8.057 -8.578 -9.381 -9.898 -10.027
0.0152 0.01508 7.00000 19.1426696777 2.6304683685   17.649  5.049  3.6513  0.193    3  0.000  0.413     0.00     0.00     0.00     0.00     0.00 -1 -2.28e-06      0.00 6.499e-01 3.347e-01 1.661e-03 3.135e-03 5.364e-03 -1.000 1.535e-02 -7.853 -4.180 -5.865 -7.332 -8.038 -8.571 -9.398 -9.926 -10.062
0.0152 0.01508 7.00000 19.1487903595 2.6304697990   17.645  5.050  3.6462  0.171    3  0.000  0.413     0.00     0.00     0.00     0.00     0.00 -1 -2.27e-06      0.00 6.499e-01 3.347e-01 1.661e-03 3.135e-03 5.364e-03 -1.000 1.535e-02 -7.856 -4.022 -5.794 -7.292 -8.015 -8.564 -9.413 -9.955 -10.098
0.0152 0.01508 7.00000 19.1545333862 2.6304712296   17.642  5.051  3.6409  0.149    3  0.000  0.413     0.00     0.00     0.00     0.00     0.00 -1 -2.26e-06      0.00 6.499e-01 3.347e-01 1.661e-03 3.135e-03 5.364e-03 -1.000 1.535e-02 -7.858 -3.859 -5.720 -7.250 -7.991 -8.555 -9.428 -9.983 -10.134
0.0152 0.01508 7.00000 19.1599178314 2.6304724216   17.640  5.052  3.6355  0.126    3  0.000  0.413     0.00     0.00     0.00     0.00     0.00 -1 -2.24e-06      0.00 6.499e-01 3.347e-01 1.660e-03 3.135e-03 5.365e-03 -1.000 1.535e-02 -7.861 -3.685 -5.639 -7.203 -7.963 -8.544 -9.443 -10.011 -10.170
0.0152 0.01508 7.00000 19.1624774933 2.6304731369   17.638  5.053  3.6327  0.115    3  0.000  0.413     0.00     0.00     0.00     0.00     0.00 -1 -2.24e-06      0.00 6.499e-01 3.347e-01 1.660e-03 3.135e-03 5.365e-03 -1.000 1.535e-02 -7.862 -3.594 -5.596 -7.177 -7.948 -8.538 -9.450 -10.026 -10.188
0.0152 0.01508 7.00000 19.1649551392 2.6304736137   17.637  5.053  3.6298  0.103    3  0.000  0.413     0.00     0.00     0.00     0.00     0.00 -1 -2.23e-06      0.00 6.499e-01 3.347e-01 1.660e-03 3.135e-03 5.365e-03 -1.000 1.535e-02 -7.863 -3.500 -5.551 -7.150 -7.932 -8.532 -9.457 -10.040 -10.207
0.0152 0.01508 7.00000 19.1673507690 2.6304740906   17.636  5.053  3.6267  0.090    3  0.000  0.413     0.00     0.00     0.00     0.00     0.00 -1 -2.21e-06      0.00 6.499e-01 3.347e-01 1.660e-03 3.135e-03 5.365e-03 -1.000 1.535e-02 -7.863 -3.405 -5.504 -7.120 -7.914 -8.525 -9.464 -10.056 -10.227
0.0152 0.01508 7.00000 19.1696643829 2.6304748058   17.635  5.054  3.6235  0.077    3  0.000  0.413     0.00     0.00     0.00     0.00     0.00 -1 -2.21e-06      0.00 6.499e-01 3.347e-01 1.660e-03 3.135e-03 5.365e-03 -1.000 1.535e-02 -7.864 -3.304 -5.453 -7.088 -7.894 -8.517 -9.471 -10.072 -10.248
0.0152 0.01508 7.00000 19.1719017029 2.6304752827   17.634  5.054  3.6202  0.063    3  0.000  0.413     0.00     0.00     0.00     0.00     0.00 -1 -2.19e-06      0.00 6.499e-01 3.347e-01 1.660e-03 3.135e-03 5.365e-03 -1.000 1.535e-02 -7.865 -3.197 -5.399 -7.054 -7.873 -8.508 -9.477 -10.089 -10.269
0.0152 0.01508 7.00000 19.1740646362 2.6304757595   17.633  5.054  3.6166  0.049    3  0.000  0.413     0.00     0.00     0.00     0.00     0.00 -1 -2.17e-06      0.00 6.499e-01 3.348e-01 1.660e-03 3.135e-03 5.365e-03 -1.000 1.535e-02 -7.865 -3.089 -5.340 -7.014 -7.848 -8.498 -9.484 -10.106 -10.292
0.0152 0.01508 7.00000 19.1761512756 2.6304762363   17.633  5.054  3.6128  0.033    3  0.000  0.413     0.00     0.00     0.00     0.00     0.00 -1 -2.15e-06      0.00 6.499e-01 3.348e-01 1.660e-03 3.134e-03 5.365e-03 -1.000 1.535e-02 -7.865 -2.973 -5.276 -6.971 -7.821 -8.487 -9.491 -10.124 -10.315
0.0152 0.01508 7.00000 19.1781673431 2.6304767132   17.632  5.054  3.6086  0.017    3  0.000  0.413     0.00     0.00     0.00     0.00     0.00 -1 -2.13e-06      0.00 6.499e-01 3.348e-01 1.660e-03 3.134e-03 5.365e-03 -1.000 1.535e-02 -7.865 -2.851 -5.205 -6.922 -7.790 -8.474 -9.498 -10.144 -10.341
0.0152 0.01508 7.00000 19.1801166534 2.6304771900   17.631  5.054  3.6040 -0.001    3  0.000  0.413     0.00     0.00     0.00     0.00     0.00 -1 -2.11e-06      0.00 6.499e-01 3.348e-01 1.660e-03 3.134e-03 5.365e-03 -1.000 1.535e-02 -7.864 -2.724 -5.124 -6.863 -7.752 -8.460 -9.505 -10.166 -10.369
0.0152 0.01508 7.00000 19.1819934845 2.6304776669   17.631  5.053  3.5988 -0.022    3  0.000  0.413     0.00     0.00     0.00     0.00     0.00 -1 -2.09e-06      0.00 6.499e-01 3.348e-01 1.660e-03 3.134e-03 5.365e-03 -1.000 1.535e-02 -7.863 -2.600 -5.037 -6.796 -7.707 -8.442 -9.512 -10.190 -10.401
0.0152 0.01508 7.00000 19.1829013824 2.6304779053   17.631  5.053  3.5961 -0.032    3  0.000  0.413     0.00     0.00     0.00     0.00     0.00 -1 -2.06e-06      0.00 6.499e-01 3.348e-01 1.660e-03 3.134e-03 5.365e-03 -1.000 1.535e-02 -7.862 -2.541 -4.990 -6.758 -7.681 -8.432 -9.515 -10.203 -10.417
0.0152 0.01508 7.00000 19.1839752197 2.6304781437   17.630  5.052  3.5927 -0.045    3  0.000  0.413     0.00     0.00     0.00     0.00     0.00 -1 -2.03e-06      0.00 6.499e-01 3.348e-01 1.660e-03 3.134e-03 5.365e-03 -1.000 1.535e-02 -7.861 -2.463 -4.928 -6.708 -7.647 -8.419 -9.519 -10.219 -10.437
0.0152 0.01508 7.00000 19.1849632263 2.6304783821   17.630  5.052  3.5892 -0.059    3  0.000  0.413     0.00     0.00     0.00     0.00     0.00 -1 -2.01e-06      0.00 6.499e-01 3.348e-01 1.660e-03 3.134e-03 5.365e-03 -1.000 1.535e-02 -7.859 -2.383 -4.863 -6.656 -7.611 -8.406 -9.524 -10.234 -10.457
0.0152 0.01508 7.00000 19.1858291626 2.6304786205   17.630  5.051  3.5860 -0.071    3  0.000  0.413     0.00     0.00     0.00     0.00     0.00 -1 -1.98e-06      0.00 6.499e-01 3.348e-01 1.660e-03 3.134e-03 5.365e-03 -1.000 1.535e-02 -7.857 -2.304 -4.794 -6.599 -7.572 -8.393 -9.528 -10.249 -10.476
0.0152 0.01508 7.00000 19.1864147186 2.6304786205   17.630  5.050  3.5836 -0.080    3  0.000  0.413     0.00     0.00     0.00     0.00     0.00 -1 -1.96e-06      0.00 6.499e-01 3.348e-01 1.660e-03 3.134e-03 5.365e-03 -1.000 1.534e-02 -7.856 -2.241 -4.741 -6.556 -7.542 -8.384 -9.532 -10.259 -10.491
0.0152 0.01508 7.00000 19.1871490479 2.6304788589   17.629  5.050  3.5805 -0.091    3  0.000  0.413     0.00     0.00     0.00     0.00     0.00 -1 -1.94e-06      0.00 6.499e-01 3.348e-01 1.660e-03 3.134e-03 5.365e-03 -1.000 1.534e-02 -7.854 -2.155 -4.670 -6.500 -7.504 -8.371 -9.537 -10.272 -10.509
0.0152 0.01508 7.00000 19.1880645752 2.6304790974   17.629  5.048  3.5766 -0.106    3  0.000  0.413     0.00     0.00     0.00     0.00     0.00 -1 -1.91e-06      0.00 6.499e-01 3.348e-01 1.660e-03 3.134e-03 5.365e-03 -1.000 1.534e-02 -7.850 -2.076 -4.580 -6.416 -7.443 -8.352 -9.541 -10.288 -10.531
0.0152 0.01508 7.00000 19.1889057159 2.6304793358   17.629  5.046  3.5732 -0.117    3  0.000  0.413     0.00     0.00     0.00     0.00     0.00 -1 -1.87e-06      0.00 6.499e-01 3.348e-01 1.660e-03 3.134e-03 5.365e-03 -1.000 1.534e-02 -7.845 -2.013 -4.502 -6.341 -7.387 -8.334 -9.544 -10.301 -10.548
0.0152 0.01508 7.00000 19.1896247864 2.6304793358   17.629  5.044  3.5707 -0.125    3  0.000  0.413     0.00     0.00     0.00     0.00     0.00 -1 -1.85e-06      0.00 6.499e-01 3.348e-01 1.660e-03 3.134e-03 5.365e-03 -1.000 1.534e-02 -7.840 -1.965 -4.444 -6.285 -7.345 -8.319 -9.543 -10.308 -10.558
0.0152 0.01508 7.00000 19.1905479431 2.6304795742   17.629  5.041  3.5682 -0.132    3  0.000  0.413     0.00     0.00     0.00     0.00     0.00 -1  -1.8e-06      0.00 6.499e-01 3.348e-01 1.660e-03 3.134e-03 5.365e-03 -1.000 1.534e-02 -7.832 -1.918 -4.376 -6.214 -7.292 -8.299 -9.541 -10.313 -10.566
0.0152 0.01508 7.00000 19.1919555664 2.6304800510   17.629  5.036  3.5659 -0.136    3  0.000  0.413     0.00     0.00     0.00     0.00     0.00 -1 -1.75e-06      0.00 6.499e-01 3.348e-01 1.660e-03 3.134e-03 5.365e-03 -1.000 1.534e-02 -7.820 -1.873 -4.309 -6.142 -7.235 -8.276 -9.534 -10.313 -10.569
0.0152 0.01508 7.00000 19.1935081482 2.6304802895   17.629  5.029  3.5645 -0.135    3  0.000  0.413     0.00     0.00     0.00     0.00     0.00 -1 -1.71e-06      0.00 6.499e-01 3.348e-01 1.660e-03 3.134e-03 5.365e-03 -1.000 1.534e-02 -7.803 -1.838 -4.258 -6.087 -7.190 -8.252 -9.520 -10.304 -10.562
0.0152 0.01508 7.00000 19.1954421997 2.6304807663   17.629  5.021  3.5625 -0.135    3  0.000  0.413     0.00     0.00     0.00     0.00     0.00 -1 -1.62e-06      0.00 6.499e-01 3.348e-01 1.660e-03 3.134e-03 5.365e-03 -1.000 1.534e-02 -7.783 -1.794 -4.192 -6.016 -7.132 -8.222 -9.504 -10.294 -10.555
0.0152 0.01508 7.00000 19.1968650818 2.6304810047   17.629  5.026  3.5605 -0.148    3  0.000  0.413     0.00     0.00     0.00     0.00     0.00 -1  -1.6e-06      0.00 6.499e-01 3.348e-01 1.660e-03 3.134e-03 5.365e-03 -1.000 1.534e-02 -7.795 -1.769 -4.151 -5.973 -7.105 -8.224 -9.521 -10.316 -10.580
0.0152 0.01508 7.00000 19.1983032227 2.6304814816   17.628  5.037  3.5588 -0.165    3  0.000  0.411     0.00     0.00     0.00     0.00     0.00 -1 -1.67e-06      0.00 6.499e-01 3.348e-01 1.653e-03 3.139e-03 5.365e-03 -1.000 1.534e-02 -7.821 -1.759 -4.125 -5.944 -7.092 -8.240 -9.553 -10.351 -10.618
0.0152 0.01508 7.00000 19.2009906769 2.6304819584   17.628  5.046  3.5574 -0.181    3  0.000  0.407     0.00     0.00     0.00     0.00     0.00 -1 -1.78e-06      0.00 6.499e-01 3.348e-01 1.640e-03 3.151e-03 5.365e-03 -1.000 1.534e-02 -7.846 -1.754 -4.104 -5.920 -7.082 -8.255 -9.581 -10.383 -10.652
0.0152 0.01508 7.00000 19.2098159790 2.6304841042   17.627  5.053  3.5564 -0.191    3  0.000  0.406     0.00     0.00     0.00     0.00     0.00 -1 -1.85e-06      0.00 6.499e-01 3.348e-01 1.635e-03 3.155e-03 5.365e-03 -1.000 1.534e-02 -7.863 -1.750 -4.090 -5.904 -7.076 -8.266 -9.601 -10.405 -10.675
0.0152 0.01508 7.00000 19.2332458496 2.6304895878   17.620  5.096  3.5506 -0.258    3  0.000  0.403     0.00     0.00     0.00     0.00     0.00 -1 -2.26e-06      0.00 6.493e-01 3.354e-01 1.620e-03 3.182e-03 5.353e-03 -1.000 1.531e-02 -7.970 -1.734 -4.006 -5.807 -7.041 -8.337 -9.727 -10.542 -10.822
0.0152 0.01508 7.00000 19.2368278503 2.6304905415   17.619  5.111  3.5485 -0.281    3  0.000  0.401     0.00     0.00     0.00     0.00     0.00 -1 -2.43e-06      0.00 6.491e-01 3.356e-01 1.609e-03 3.198e-03 5.349e-03 -1.000 1.529e-02 -8.008 -1.729 -3.969 -5.762 -7.022 -8.357 -9.771 -10.590 -10.873
0.0152 0.01508 7.00000 19.2422008514 2.6304917336   17.615  5.150  3.5438 -0.339    3  0.000  0.395     0.00     0.00     0.00     0.00     0.00 -1 -2.92e-06      0.00 6.467e-01 3.380e-01 1.569e-03 3.292e-03 5.298e-03 -1.000 1.528e-02 -8.104 -1.724 -3.879 -5.651 -6.978 -8.410 -9.884 -10.711 -11.002
0.0152 0.01508 7.00000 19.2468376160 2.6304926872   17.610  5.179  3.5402 -0.383    3  0.000  0.393     0.00     0.00     0.00     0.00     0.00 -1 -3.35e-06      0.00 6.460e-01 3.387e-01 1.556e-03 3.326e-03 5.279e-03 -1.000 1.530e-02 -8.178 -1.721 -3.813 -5.568 -6.946 -8.451 -9.969 -10.802 -11.100
0.0152 0.01508 7.00000 19.2498455048 2.6304934025   17.607  5.200  3.5376 -0.414    3  0.000  0.392     0.00     0.00     0.00     0.00     0.00 -1  -3.7e-06      0.00 6.455e-01 3.392e-01 1.547e-03 3.348e-03 5.265e-03 -1.000 1.528e-02 -8.230 -1.718 -3.750 -5.489 -6.913 -8.470 -10.031 -10.868 -11.170
0.0152 0.01508 7.00000 19.2535800934 2.6304943562   17.602  5.240  3.5329 -0.473    3  0.000  0.391     0.00     0.00     0.00     0.00     0.00 -1  -4.5e-06      0.00 6.446e-01 3.401e-01 1.536e-03 3.384e-03 5.240e-03 -1.000 1.528e-02 -8.330 -1.715 -3.631 -5.338 -6.849 -8.506 -10.149 -10.992 -11.303
0.0152 0.01508 7.00000 19.2577323914 2.6304953098   17.602  5.275  3.5287 -0.525    3  0.000  0.391     0.00     0.00     0.00     0.00     0.00 -1 -5.37e-06      0.00 6.435e-01 3.412e-01 1.528e-03 3.416e-03 5.215e-03 -1.000 1.529e-02 -8.418 -1.726 -3.522 -5.195 -6.787 -8.527 -10.251 -11.100 -11.419
#isochrone terminated
